1004 
1013 
1034 
1045 
1050 
1056 
1072 
1075 
1076 
1078 
1094 
1096 
1104 
1109 
1117 
1119 
1121 
1161 
1164 
1166 
1177 
1186 
1209 
1210 
1230 
1239 
1243 
1246 
1254 
1257 
1259 
1262 
1263 
1266 
1274 
1279 
1300 
1308 
1318 
1327 
1360 
1372 
1380 
1382 
1393 
1408 
1410 
1414 
1439 
1440 
1447 
1449 
1468 
1478 
1487 
1523 
1533 
1539 
1554 
1559 
1562 
1581 
1585 
1598 
1602 
1613 
1632 
1633 
1634 
1635 
1655 
1659 
1661 
1678 
1686 
1690 
1704 
1706 
1712 
1722 
1743 
1773 
1783 
1794 
1820 
1823 
1828 
1837 
1860 
1864 
1866 
1878 
1891 
1902 
1906 
1913 
1914 
1919 
1920 
1926 
1932 
1943 
1949 
1951 
1968 
1974 
1979 
1981 
1982 
1988 
2002 
2005 
2018 
2019 
2025 
2034 
2044 
2049 
2055 
2061 
2085 
2086 
2101 
2111 
2124 
2136 
2137 
2150 
2154 
2163 
2176 
2184 
2193 
2220 
2222 
2230 
2251 
2255 
2259 
2269 
2270 
2271 
2282 
2285 
2290 
2299 
2312 
2316 
2328 
2337 
2338 
2352 
2369 
2393 
2396 
2403 
2406 
2408 
2410 
2411 
2435 
2436 
2444 
2448 
2490 
2497 
2504 
2508 
2519 
2526 
2536 
2538 
2547 
2555 
2556 
2558 
2573 
2574 
2577 
2578 
2581 
2589 
2593 
2595 
2596 
2597 
2602 
2615 
2620 
2628 
2663 
2675 
2696 
2697 
2698 
2703 
2710 
2721 
2751 
2771 
2783 
2787 
2802 
2807 
2811 
2812 
2817 
2820 
2829 
2831 
2845 
2856 
2859 
2870 
2884 
2888 
2908 
2916 
2938 
2940 
2942 
2950 
2951 
2953 
2960 
2968 
2982 
2986 
2990 
2991 
3007 
3024 
3026 
3028 
3031 
3036 
3041 
3048 
3054 
3062 
3071 
3082 
3087 
3093 
3105 
3107 
3116 
3121 
3126 
3144 
3153 
3157 
3158 
3169 
3170 
3171 
3218 
3221 
3226 
3231 
3243 
3246 
3265 
3278 
3297 
3310 
3336 
3342 
3358 
3362 
3365 
3382 
3407 
3416 
3424 
3429 
3439 
3469 
3480 
3502 
3504 
3505 
3516 
3532 
3538 
3556 
3562 
3570 
3580 
3581 
3592 
3607 
3619 
3622 
3639 
3643 
3647 
3650 
3662 
3707 
3708 
3734 
3735 
3761 
3786 
3806 
3813 
3814 
3820 
3824 
3835 
3839 
3840 
3851 
3863 
3897 
3905 
3916 
3918 
3937 
3946 
3949 
3962 
3964 
3969 
3980 
4001 
4016 
4017 
4019 
4029 
4036 
4040 
4049 
4052 
4058 
4060 
4065 
4066 
4072 
4077 
4087 
4090 
4091 
4093 
4094 
4103 
4108 
4115 
4124 
4128 
4130 
4140 
4145 
4156 
4186 
4193 
4194 
4199 
4201 
4213 
4225 
4241 
4242 
4245 
4251 
4274 
4279 
4311 
4321 
4322 
4331 
4340 
4341 
4351 
4352 
4367 
4383 
4384 
4409 
4418 
4423 
4424 
4430 
4439 
4456 
4460 
4462 
4467 
4476 
4477 
4485 
4496 
4497 
4498 
4503 
4510 
4515 
4517 
4523 
4553 
4560 
4579 
4598 
4599 
4600 
4601 
4605 
4608 
4611 
4622 
4632 
4640 
4645 
4666 
4669 
4674 
4678 
4685 
4690 
4699 
4723 
4737 
4740 
4763 
4768 
4771 
4807 
4809 
4818 
4826 
4839 
4842 
4843 
4860 
4881 
4885 
4900 
4911 
4918 
4925 
4926 
4932 
4936 
4941 
4973 
4988 
4990 
5018 
5020 
5046 
5047 
5071 
5072 
5073 
5074 
5087 
5109 
5116 
5125 
5134 
5142 
5149 
5165 
5179 
5180 
5187 
5205 
5208 
5218 
5229 
5234 
5241 
5250 
5252 
5254 
5256 
5284 
5301 
5306 
5327 
5336 
5338 
5342 
5357 
5379 
5404 
5417 
5422 
5432 
5439 
5458 
5476 
5492 
5496 
5518 
5520 
5523 
5526 
5539 
5543 
5559 
5560 
5567 
5568 
5572 
5581 
5589 
5594 
5597 
5600 
5606 
5608 
5619 
5639 
5643 
5650 
5667 
5671 
5680 
5690 
5691 
5697 
5709 
5711 
5723 
5742 
5750 
5764 
5770 
5772 
5774 
5783 
5786 
5791 
5792 
5824 
5826 
5831 
5835 
5860 
5862 
5870 
5878 
5888 
5899 
5902 
5903 
5905 
5918 
5959 
5968 
5973 
5978 
5980 
5987 
6003 
6008 
6013 
6020 
6025 
6034 
6036 
6039 
6044 
6066 
6078 
6081 
6097 
6100 
6104 
6109 
6110 
6115 
6116 
6130 
6135 
6136 
6158 
6185 
6196 
6203 
6215 
6216 
6223 
6239 
6266 
6304 
6307 
6310 
6315 
6326 
6331 
6334 
6335 
6338 
6346 
6357 
6375 
6379 
6386 
6403 
6416 
6433 
6435 
6461 
6494 
6502 
6509 
6527 
6528 
6529 
6532 
6543 
6547 
6565 
6573 
6574 
6617 
6639 
6649 
6653 
6669 
6672 
6730 
6733 
6737 
6742 
6768 
6771 
6774 
6781 
6788 
6797 
6799 
6803 
6809 
6821 
6829 
6830 
6831 
6836 
6839 
6845 
6848 
6865 
6867 
6900 
6908 
6922 
6930 
6946 
6963 
6972 
6994 
6995 
7017 
7022 
7063 
7065 
7085 
7092 
7107 
7114 
7116 
7124 
7139 
7146 
7152 
7154 
7161 
7163 
7171 
7176 
7183 
7186 
7192 
7205 
7208 
7228 
7241 
7251 
7257 
7260 
7267 
7268 
7291 
7316 
7331 
7343 
7346 
7366 
7369 
7401 
7409 
7420 
7422 
7435 
7437 
7447 
7469 
7471 
7481 
7486 
7504 
7506 
7509 
7525 
7526 
7549 
7561 
7566 
7576 
7585 
7620 
7636 
7637 
7647 
7648 
7652 
7658 
7672 
7685 
7691 
7733 
7750 
7759 
7769 
7770 
7772 
7781 
7798 
7799 
7809 
7824 
7849 
7866 
7875 
7881 
7882 
7883 
7904 
7906 
7908 
7911 
7912 
7914 
7921 
7922 
7923 
7938 
7951 
7970 
7974 
7977 
7980 
7982 
7984 
7985 
7991 
7993 
8001 
8007 
8009 
8020 
8030 
8031 
8049 
8060 
8068 
8079 
8087 
8092 
8099 
8101 
8105 
8113 
8123 
8133 
8150 
8151 
8162 
8169 
8176 
8199 
8210 
8213 
8214 
8215 
8219 
8229 
8240 
8245 
8247 
8253 
8264 
8266 
8272 
8304 
8333 
8334 
8341 
8348 
8350 
8357 
8358 
8363 
8386 
8387 
8402 
8423 
8431 
8434 
8439 
8440 
8446 
8455 
8457 
8463 
8470 
8475 
8479 
8486 
8512 
8530 
8536 
8539 
8542 
8543 
8544 
8546 
8549 
8551 
8577 
8579 
8582 
8599 
8605 
8606 
8633 
8638 
8644 
8655 
8661 
8675 
8687 
8692 
8694 
8699 
8702 
8716 
8717 
8750 
8755 
8762 
8787 
8789 
8807 
8810 
8818 
8823 
8826 
8850 
8858 
8864 
8867 
8870 
8873 
8881 
8892 
8898 
8901 
8902 
8925 
8958 
8972 
9004 
9016 
9023 
9061 
9063 
9083 
9098 
9112 
9125 
9135 
9155 
9171 
9173 
9191 
9203 
9215 
9216 
9217 
9225 
9242 
9248 
9256 
9258 
9259 
9273 
9289 
9293 
9298 
9299 
9302 
9317 
9323 
9324 
9330 
9351 
9355 
9359 
9372 
9397 
9411 
9441 
9445 
9465 
9466 
9472 
9481 
9501 
9532 
9551 
9555 
9589 
9590 
9599 
9611 
9613 
9647 
9664 
9667 
9699 
9715 
9719 
9728 
9771 
9772 
9774 
9777 
9778 
9783 
9815 
9818 
9831 
9835 
9841 
9846 
9849 
9850 
9872 
9882 
9890 
9898 
9899 
9904 
9916 
9919 
9921 
9922 
9937 
9954 
9969 
9999 
10000 
10002 
10005 
10008 
10013 
10016 
10035 
10044 
10053 
10056 
10086 
10096 
10109 
10115 
10121 
10124 
10137 
10156 
10159 
10187 
10190 
10195 
10198 
10200 
10221 
10236 
10244 
10247 
10275 
10277 
10297 
10310 
10331 
10332 
10345 
10353 
10374 
10380 
10385 
10386 
10391 
10405 
10407 
10411 
10420 
10426 
10441 
10443 
10447 
10453 
10466 
10478 
10484 
10498 
10499 
10504 
10519 
10530 
10540 
10550 
10553 
10565 
10567 
10581 
10614 
10618 
10622 
10631 
10671 
10685 
10692 
10726 
10735 
10740 
10757 
10761 
10777 
10787 
10789 
10793 
10795 
10801 
10813 
10816 
10827 
10839 
10840 
10846 
10860 
10867 
10868 
10877 
10884 
10894 
10903 
10905 
10906 
10916 
10917 
10920 
10938 
10974 
10981 
10983 
10984 
10991 
10999 
11012 
11017 
11032 
11035 
11060 
11065 
11094 
11096 
11115 
11124 
11142 
11147 
11172 
11191 
11213 
11217 
11220 
11228 
11234 
11247 
11257 
11258 
11259 
11264 
11286 
11291 
11296 
11301 
11304 
11313 
11315 
11340 
11361 
11376 
11399 
11440 
11443 
11446 
11455 
11456 
11462 
11465 
11499 
11506 
11511 
11531 
11535 
11537 
11538 
11550 
11554 
11555 
11566 
11573 
11580 
11584 
11600 
11636 
11644 
11649 
11669 
11670 
11672 
11687 
11694 
11703 
11708 
11721 
11738 
11745 
11748 
11749 
11756 
11770 
11781 
11787 
11790 
11796 
11805 
11811 
11819 
11842 
11850 
11854 
11856 
11861 
11867 
11872 
11877 
11896 
11903 
11907 
11910 
11914 
11922 
11923 
11925 
11929 
11944 
11976 
12006 
12010 
12035 
12046 
12047 
12053 
12075 
12081 
12091 
12096 
12108 
12122 
12123 
12124 
12140 
12141 
12142 
12143 
12144 
12151 
12171 
12180 
12181 
12183 
12189 
12198 
12206 
12212 
12215 
12216 
12222 
12233 
12234 
12236 
12246 
12250 
12252 
12256 
12262 
12266 
12274 
12277 
12294 
12304 
12311 
12321 
12338 
12352 
12368 
12377 
12379 
12383 
12384 
12389 
12390 
12392 
12395 
12403 
12407 
12413 
12421 
12428 
12432 
12433 
12434 
12441 
12444 
12445 
12458 
12471 
12478 
12482 
12484 
12485 
12522 
12540 
12544 
12545 
12556 
12559 
12576 
12581 
12589 
12597 
12598 
12603 
12615 
12616 
12621 
12635 
12658 
12669 
12673 
12677 
12679 
12684 
12689 
12691 
12697 
12708 
12713 
12718 
12719 
12726 
12734 
12756 
12757 
12761 
12775 
12782 
12785 
12788 
12789 
12796 
12803 
12804 
12815 
12818 
12824 
12825 
12828 
12833 
12840 
12850 
12852 
12855 
12868 
12874 
12884 
12886 
12892 
12895 
12909 
12915 
12926 
12942 
12945 
12950 
12964 
12972 
12978 
12987 
12992 
12994 
13003 
13011 
13013 
13032 
13041 
13046 
13062 
13071 
13075 
13092 
13125 
13128 
13135 
13142 
13145 
13163 
13169 
13176 
13184 
13189 
13200 
13204 
13235 
13239 
13311 
13323 
13326 
13328 
13341 
13342 
13354 
13365 
13370 
13380 
13381 
13400 
13401 
13406 
13407 
13409 
13421 
13424 
13431 
13440 
13479 
13480 
13498 
13503 
13505 
13510 
13516 
13520 
13525 
13526 
13531 
13540 
13554 
13556 
13557 
13561 
13562 
13570 
13579 
13580 
13582 
13599 
13602 
13619 
13623 
13630 
13633 
13634 
13646 
13649 
13657 
13664 
13679 
13683 
13700 
13704 
13709 
13710 
13712 
13714 
13721 
13782 
13786 
13789 
13794 
13800 
13824 
13828 
13831 
13835 
13836 
13839 
13842 
13845 
13853 
13858 
13861 
13864 
13871 
13888 
13906 
13913 
13932 
13940 
13962 
13963 
13964 
13970 
13971 
13973 
13988 
13990 
13992 
13994 
13997 
14007 
14010 
14011 
14027 
14032 
14033 
14034 
14042 
14049 
14062 
14065 
14068 
14077 
14078 
14084 
14087 
14102 
14108 
14113 
14114 
14118 
14131 
14137 
14140 
14145 
14155 
14163 
14169 
14170 
14172 
14182 
14186 
14201 
14219 
14221 
14222 
14225 
14242 
14252 
14256 
14268 
14269 
14275 
14282 
14296 
14301 
14304 
14309 
14311 
14312 
14313 
14316 
14320 
14324 
14326 
14330 
14333 
14340 
14350 
14351 
14352 
14353 
14359 
14369 
14370 
14372 
14384 
14385 
14390 
14391 
14395 
14402 
14403 
14412 
14415 
14418 
14433 
14438 
14447 
14450 
14459 
14466 
14477 
14487 
14489 
14490 
14503 
14517 
14525 
14535 
14538 
14551 
14561 
14563 
14565 
14581 
14582 
14590 
14592 
14597 
14603 
14605 
14606 
14611 
14620 
14622 
14623 
14624 
14650 
14790 
14793 
14802 
14822 
14824 
14827 
14828 
14830 
14868 
14883 
14891 
14894 
14898 
14908 
14918 
14924 
14934 
14954 
14960 
14977 
14983 
14985 
14999 
15000 
15005 
15020 
15027 
15037 
15038 
15044 
15050 
15055 
15056 
15059 
15060 
15070 
15083 
15084 
15086 
15087 
15088 
15092 
15093 
15101 
15106 
15111 
15117 
15142 
15153 
15159 
15181 
15197 
15202 
15208 
15211 
15212 
15235 
15240 
15242 
15247 
15252 
15261 
15267 
15274 
15291 
15293 
15314 
15319 
15321 
15331 
15334 
15337 
15347 
15354 
15362 
15363 
15364 
15396 
15406 
15408 
15414 
15417 
15420 
15444 
15446 
15459 
15483 
15496 
15498 
15505 
15508 
15509 
15512 
15513 
15515 
15520 
15521 
15522 
15532 
15533 
15539 
15543 
15545 
15547 
15549 
15552 
15567 
15575 
15576 
15580 
15581 
15582 
15593 
15598 
15602 
15603 
15608 
15613 
15617 
15618 
15620 
15625 
15631 
15633 
15634 
15637 
15638 
15644 
15645 
15647 
15652 
15654 
15659 
15664 
15668 
15671 
15677 
15679 
15688 
15696 
15699 
15702 
15703 
15704 
15706 
15708 
15709 
15724 
15736 
15742 
15743 
15745 
15748 
15749 
15752 
15753 
15756 
15773 
15779 
15781 
15782 
15784 
15798 
15803 
15804 
15805 
15811 
15816 
15822 
15824 
15833 
15841 
15846 
15855 
15862 
15889 
15890 
15908 
15912 
15914 
15919 
15929 
15932 
15933 
15936 
16009 
16011 
16015 
16026 
16066 
16101 
16113 
16116 
16125 
16149 
16150 
16183 
16188 
16189 
16225 
16243 
16245 
16267 
16269 
16281 
16299 
16305 
16306 
16334 
16346 
16348 
16349 
16356 
16365 
16383 
16384 
16398 
16401 
16403 
16416 
16423 
16428 
16431 
16432 
16436 
16441 
16447 
16453 
16456 
16474 
16476 
16477 
16478 
16480 
16486 
16488 
16528 
16531 
16538 
16549 
16560 
16582 
16591 
16597 
16603 
16608 
16610 
16621 
16629 
16641 
16643 
16648 
16650 
16653 
16681 
16689 
16698 
16700 
16705 
16710 
16714 
16716 
16719 
16720 
16721 
16725 
16732 
16738 
16745 
16747 
16751 
16775 
16778 
16790 
16821 
16832 
16836 
16845 
16848 
16878 
16884 
16885 
16886 
16889 
16890 
16909 
16927 
16929 
16955 
16972 
16981 
16986 
16991 
17001 
17012 
17030 
17035 
17056 
17061 
17069 
17070 
17074 
17080 
17095 
17101 
17106 
17110 
17115 
17120 
17130 
17132 
17142 
17145 
17150 
17151 
17157 
17175 
17184 
17185 
17187 
17195 
17197 
17199 
17202 
17228 
17233 
17239 
17243 
17245 
17252 
17254 
17266 
17277 
17287 
17306 
17315 
17350 
17376 
17380 
17404 
17408 
17419 
17420 
17422 
17436 
17451 
17452 
17454 
17464 
17485 
17494 
17498 
17501 
17505 
17525 
17544 
17550 
17553 
17556 
17567 
17581 
17586 
17594 
17626 
17628 
17639 
17640 
17653 
17665 
17687 
17688 
17689 
17692 
17693 
17695 
17696 
17699 
17720 
17724 
17727 
17754 
17761 
17769 
17780 
17807 
17808 
17810 
17811 
17812 
17828 
17830 
17853 
17866 
17873 
17874 
17878 
17896 
17897 
17899 
17912 
17928 
17931 
17933 
17934 
17941 
17947 
17962 
17994 
17997 
17998 
18000 
18003 
18004 
18009 
18036 
18040 
18043 
18047 
18049 
18050 
18066 
18071 
18073 
18075 
18076 
18086 
18108 
18109 
18114 
18115 
18145 
18159 
18162 
18171 
18172 
18173 
18177 
18179 
18184 
18204 
18230 
18231 
18235 
18241 
18246 
18261 
18270 
18271 
18287 
18289 
18290 
18291 
18292 
18293 
18296 
18306 
18312 
18314 
18315 
18317 
18320 
18321 
18322 
18323 
18339 
18346 
18350 
18351 
18367 
18383 
18386 
18388 
18392 
18398 
18427 
18430 
18431 
18432 
18434 
18438 
18441 
18443 
18465 
18466 
18467 
18468 
18469 
18474 
18479 
18487 
18490 
18494 
18498 
18509 
18510 
18526 
18533 
18535 
18549 
18556 
18560 
18561 
18562 
18564 
18566 
18571 
18572 
18573 
18576 
18578 
18584 
18593 
18609 
18613 
18619 
18623 
18624 
18625 
18626 
18629 
18630 
18635 
18636 
18649 
18654 
18658 
18660 
18666 
18675 
18677 
18679 
18683 
18687 
18689 
18699 
18700 
18715 
18716 
18729 
18738 
18745 
18748 
18749 
18750 
18765 
18766 
18774 
18779 
18792 
18838 
18839 
18841 
18842 
18860 
18866 
18868 
18869 
18871 
18872 
18875 
18878 
18879 
18888 
18899 
18900 
18925 
18926 
18930 
18931 
18938 
18947 
18957 
18975 
18976 
18978 
18982 
18983 
19000 
19002 
19024 
19025 
19026 
19040 
19042 
19044 
19045 
19057 
19069 
19071 
19079 
19083 
19084 
19094 
19098 
19104 
19107 
19112 
19113 
19116 
19117 
19129 
19143 
19149 
19150 
19151 
19152 
19154 
19157 
19163 
19168 
19171 
19172 
19175 
19184 
19189 
19190 
19205 
19209 
19259 
19267 
19273 
19274 
19275 
19295 
19336 
19344 
19348 
19349 
19350 
19352 
19354 
19355 
19377 
19391 
19398 
19402 
19412 
19413 
19416 
19421 
19425 
19427 
19428 
19440 
19442 
19457 
19458 
19470 
19471 
19484 
19507 
19511 
19516 
19517 
19518 
19525 
19526 
19528 
19534 
19538 
19545 
19557 
19565 
19570 
19574 
19578 
19579 
19580 
19581 
19582 
19591 
19600 
19602 
19605 
19613 
19622 
19625 
19640 
19647 
19649 
19656 
19658 
19661 
19696 
19712 
19713 
19717 
19718 
19719 
19730 
19731 
19744 
19747 
19752 
19753 
19758 
19770 
19771 
19773 
19774 
19784 
19789 
19800 
19802 
19807 
19817 
19824 
19832 
19843 
19845 
19849 
19851 
19855 
19858 
19859 
19873 
19876 
19877 
19881 
19898 
19901 
19904 
19906 
19908 
19909 
19910 
19911 
19912 
19925 
19927 
19935 
19967 
19974 
19977 
19985 
19987 
19988 
19989 
19997 
19998 
20003 
20004 
20007 
20009 
20010 
20011 
20018 
20019 
20020 
20021 
20029 
20033 
20036 
20040 
20041 
20042 
20044 
20067 
20088 
20089 
20090 
20096 
20105 
20113 
20115 
20116 
20126 
20128 
20129 
20130 
20131 
20134 
20135 
20142 
20143 
20145 
20147 
20149 
20168 
20170 
20179 
20183 
20185 
20196 
20204 
20214 
20217 
20225 
20228 
20229 
20232 
20233 
20235 
20243 
20245 
20259 
20277 
20280 
20285 
20298 
20299 
20309 
20313 
20315 
20323 
20330 
20331 
20337 
20338 
20339 
20340 
20344 
20350 
20392 
20407 
20412 
20420 
20421 
20422 
20423 
20430 
20440 
20441 
20465 
20473 
20483 
20487 
20488 
20496 
20499 
20500 
20502 
20513 
20517 
20525 
20526 
20529 
20530 
20534 
20537 
20539 
20540 
20548 
20550 
20561 
20567 
20568 
20600 
20619 
20621 
20643 
20644 
20645 
20646 
20649 
20653 
20654 
20655 
20659 
20661 
20670 
20672 
20675 
20676 
20677 
20683 
20684 
20686 
20692 
20695 
20696 
20710 
20720 
20721 
20735 
20739 
20740 
20747 
20748 
20756 
20761 
20779 
20783 
20791 
20798 
20801 
20809 
20810 
20823 
20847 
20884 
20893 
20904 
20909 
20935 
20943 
20944 
20945 
20949 
20950 
20951 
20959 
20960 
20961 
20967 
20993 
21000 
21002 
21003 
21004 
21005 
21006 
21007 
21008 
21010 
21012 
21015 
21016 
21019 
21020 
21032 
21033 
21035 
21042 
21045 
21047 
21048 
21049 
21050 
21061 
21066 
21073 
21079 
21082 
21103 
21104 
21118 
21124 
21126 
21132 
21136 
21138 
21144 
21145 
21146 
21150 
21155 
21165 
21178 
21186 
21208 
21209 
21227 
21232 
21237 
21238 
21244 
21261 
21263 
21326 
21352 
21383 
21388 
21409 
21421 
21422 
21427 
21429 
21431 
21433 
21440 
21451 
21481 
21487 
21496 
21503 
21504 
21508 
21515 
21519 
21520 
21522 
21540 
21542 
21547 
21554 
21577 
21593 
21595 
21601 
21604 
21616 
21617 
21626 
21627 
21628 
21630 
21633 
21635 
21652 
21685 
21696 
21739 
21743 
21744 
21761 
21763 
21776 
21777 
21798 
21799 
21801 
21808 
21814 
21815 
21816 
21818 
21825 
21828 
21834 
21838 
21841 
21845 
21847 
21864 
21867 
21873 
21894 
21898 
21899 
21901 
21904 
21916 
21918 
21921 
21946 
21967 
21983 
21984 
21999 
22000 
22008 
22010 
22025 
22032 
22035 
22037 
22039 
22040 
22047 
22049 
22053 
22059 
22079 
22082 
22111 
22119 
22124 
22134 
22136 
22140 
22155 
22159 
22164 
22165 
22176 
22177 
22178 
22180 
22182 
22201 
22205 
22207 
22221 
22230 
22258 
22260 
22266 
22284 
22308 
22325 
22330 
22336 
22343 
22367 
22373 
22387 
22397 
22398 
22410 
22439 
22447 
22449 
22460 
22461 
22507 
22515 
22542 
22543 
22583 
22590 
22603 
22604 
22612 
22629 
22632 
22633 
22638 
22653 
22667 
22671 
22672 
22674 
22675 
22697 
22703 
22704 
22708 
22709 
22710 
22713 
22729 
22731 
22734 
22741 
22761 
22762 
22772 
22783 
22803 
22810 
22815 
22817 
22821 
22853 
22864 
22867 
22868 
22927 
22970 
22983 
23000 
23001 
23025 
23027 
23034 
23035 
23043 
23067 
23071 
23077 
23079 
23083 
23084 
23086 
23087 
23088 
23092 
23093 
23098 
23106 
23109 
23119 
23147 
23150 
23153 
23167 
23170 
23195 
23202 
23208 
23220 
23224 
23225 
23226 
23238 
23241 
23243 
23245 
23247 
23249 
23252 
23253 
23256 
23270 
23287 
23290 
23291 
23294 
23296 
23297 
23337 
23339 
23353 
23354 
23358 
23407 
23423 
23432 
23433 
23464 
23485 
23496 
23500 
23504 
23528 
23537 
23540 
23546 
23553 
23555 
23556 
23557 
23561 
23569 
23574 
23577 
23587 
23594 
23595 
23605 
23607 
23616 
23627 
23630 
23635 
23647 
23650 
23653 
23667 
23671 
23681 
23697 
23698 
23700 
23703 
23704 
23705 
23709 
23711 
23714 
23722 
23754 
23767 
23768 
23769 
23774 
23776 
23790 
23793 
23799 
23804 
23809 
23810 
23812 
23813 
23818 
23821 
23827 
23843 
23848 
23856 
23864 
23865 
23898 
23900 
23913 
23917 
23933 
23935 
23940 
23943 
23945 
23977 
23978 
23980 
23983 
23985 
23988 
23990 
23994 
23996 
24005 
24008 
24021 
24032 
24040 
24052 
24071 
24073 
24074 
24076 
24083 
24084 
24096 
24099 
24110 
24113 
24116 
24135 
24147 
24148 
24171 
24176 
24177 
24184 
24186 
24191 
24197 
24198 
24200 
24204 
24216 
24224 
24225 
24232 
24233 
24234 
24249 
24277 
24287 
24291 
24293 
24302 
24304 
24316 
24318 
24344 
24346 
24350 
24351 
24352 
24356 
24370 
24378 
24379 
24381 
24390 
24396 
24405 
24409 
24415 
24421 
24422 
24426 
24428 
24430 
24436 
24437 
24440 
24447 
24458 
24466 
24468 
24473 
24474 
24481 
24483 
24489 
24491 
24501 
24503 
24508 
24512 
24522 
24523 
24525 
24533 
24537 
24538 
24539 
24544 
24547 
24563 
24564 
24578 
24584 
24596 
24597 
24599 
24601 
24607 
24610 
24611 
24616 
24617 
24620 
24621 
24625 
24627 
24632 
24638 
24650 
24658 
24660 
24662 
24670 
24671 
24675 
24678 
24689 
24701 
24704 
24708 
24710 
24720 
24724 
24725 
24726 
24727 
24731 
24747 
24750 
24755 
24767 
24781 
24782 
24783 
24792 
24795 
24800 
24803 
24810 
24819 
24825 
24826 
24840 
24843 
24844 
24853 
24855 
24856 
24861 
24870 
24878 
24888 
24890 
24893 
24898 
24901 
24905 
24909 
24911 
24912 
24922 
24925 
24934 
24937 
24943 
24944 
24946 
24975 
24978 
24990 
24996 
24998 
25000 
25020 
25021 
25025 
25027 
25030 
25033 
25047 
25052 
25056 
25069 
25077 
25079 
25088 
25092 
25099 
25105 
25108 
25110 
25111 
25118 
25119 
25124 
25128 
25130 
25132 
25138 
25140 
25145 
25157 
25160 
25166 
25167 
25173 
25180 
25186 
25216 
25219 
25224 
25232 
25234 
25274 
25279 
25283 
25293 
25296 
25302 
25304 
25305 
25313 
25314 
25318 
25320 
25322 
25330 
25331 
25334 
25338 
25339 
25340 
25341 
25349 
25355 
25356 
25357 
25365 
25367 
25369 
25376 
25377 
25380 
25389 
25396 
25405 
25424 
25430 
25433 
25434 
25462 
25466 
25472 
25480 
25495 
25507 
25509 
25536 
25539 
25570 
25572 
25579 
25600 
25608 
25621 
25623 
25627 
25629 
25632 
25633 
25645 
25648 
25655 
25665 
25676 
25680 
25683 
25691 
25694 
25714 
25726 
25731 
25737 
25740 
25747 
25749 
25750 
25751 
25753 
25756 
25773 
25774 
25776 
25777 
25789 
25792 
25807 
25845 
25848 
25850 
25852 
25860 
25870 
25874 
25877 
25880 
25882 
25893 
25895 
25896 
25898 
25904 
25906 
25915 
25918 
25921 
25922 
25923 
25924 
25929 
25935 
25937 
25946 
25948 
25950 
25961 
25964 
25972 
25976 
25978 
25979 
25981 
25999 
26004 
26011 
26012 
26013 
26015 
26016 
26019 
26021 
26037 
26038 
26044 
26045 
26050 
26061 
26069 
26071 
26081 
26112 
26123 
26126 
26144 
26146 
26147 
26148 
26156 
26157 
26167 
26179 
26187 
26189 
26197 
26204 
26218 
26233 
26264 
26269 
26270 
26272 
26297 
26304 
26305 
26321 
26335 
26336 
26337 
26340 
26341 
26343 
26347 
26349 
26351 
26355 
26359 
26361 
26367 
26368 
26374 
26376 
26381 
26382 
26385 
26410 
26411 
26434 
26475 
26494 
26495 
26509 
26511 
26523 
26528 
26537 
26539 
26545 
26566 
26590 
26636 
26658 
26659 
26669 
26676 
26677 
26709 
26721 
26722 
26746 
26749 
26751 
26753 
26754 
26768 
26788 
26792 
26798 
26812 
26818 
26833 
26839 
26847 
26863 
26864 
26874 
26882 
26891 
26892 
26895 
26908 
26922 
26938 
27013 
27014 
27045 
27046 
27119 
27123 
27131 
27141 
27148 
27154 
27155 
27189 
27199 
27215 
27240 
27245 
27251 
27252 
27265 
27274 
27299 
27318 
27333 
27354 
27355 
27364 
27373 
27386 
27387 
27392 
27393 
27394 
27463 
27490 
27504 
27519 
27555 
27574 
27575 
27576 
27635 
27636 
27638 
27644 
27652 
27653 
27665 
27669 
27670 
27677 
27703 
27706 
27716 
27737 
27738 
27747 
27760 
27765 
27776 
27780 
27786 
27790 
27792 
27794 
27802 
27803 
27810 
27815 
27816 
27823 
27828 
27841 
27845 
27856 
27871 
27873 
27874 
27875 
27885 
27892 
27903 
27905 
27906 
27907 
27909 
27914 
27922 
27925 
27928 
27932 
27934 
27936 
27937 
27938 
27939 
27945 
27946 
27960 
27965 
27980 
27981 
27983 
27988 
27991 
28012 
28018 
28027 
28030 
28034 
28056 
28059 
28070 
28071 
28075 
28078 
28080 
28084 
28087 
28091 
28118 
28119 
28139 
28169 
28176 
28180 
28182 
28184 
28191 
28192 
28194 
28195 
28206 
28209 
28216 
28217 
28236 
28248 
28253 
28256 
28262 
28272 
28285 
28286 
28295 
28296 
28298 
28303 
28309 
28316 
28317 
28320 
28322 
28323 
28325 
28338 
28340 
28342 
28347 
28349 
28365 
28367 
28368 
28370 
28374 
28378 
28380 
28383 
28384 
28385 
28386 
28388 
28397 
28408 
28410 
28414 
28415 
28420 
28421 
28423 
28424 
28435 
28456 
28460 
28462 
28471 
28475 
28477 
28485 
28499 
28502 
28515 
28518 
28520 
28541 
28543 
28551 
28555 
28563 
28564 
28590 
28616 
28620 
28622 
28629 
28641 
28648 
28661 
28670 
28675 
28676 
28678 
28691 
28699 
28700 
28712 
28717 
28719 
28724 
28733 
28737 
28742 
28744 
28749 
28758 
28762 
28764 
28765 
28770 
28787 
28790 
28806 
28819 
28838 
28839 
28844 
28852 
28853 
28858 
28862 
28866 
28877 
28881 
28883 
28884 
28885 
28903 
28917 
28919 
28924 
28930 
28938 
28940 
28947 
28967 
28987 
28997 
28998 
29001 
29004 
29005 
29011 
29015 
29016 
29018 
29021 
29028 
29032 
29039 
29040 
29052 
29055 
29061 
29066 
29075 
29082 
29085 
29086 
29095 
29097 
29099 
29105 
29108 
29112 
29121 
29127 
29131 
29133 
29135 
29137 
29138 
29143 
29150 
29151 
29155 
29156 
29161 
29164 
29165 
29170 
29173 
29175 
29191 
29194 
29206 
29207 
29211 
29217 
29218 
29241 
29246 
29248 
29250 
29264 
29268 
29274 
29275 
29278 
29282 
29286 
29293 
29312 
29316 
29322 
29323 
29332 
29341 
29342 
29343 
29346 
29353 
29359 
29375 
29378 
29379 
29382 
29386 
29389 
29392 
29407 
29433 
29435 
29446 
29453 
29476 
29478 
29479 
29511 
29515 
29517 
29524 
29532 
29537 
29552 
29565 
29569 
29598 
29606 
29607 
29609 
29612 
29613 
29621 
29627 
29634 
29636 
29639 
29647 
29649 
29666 
29668 
29669 
29670 
29680 
29684 
29687 
29693 
29705 
29709 
29710 
29718 
29722 
29729 
29733 
29734 
29736 
29746 
29751 
29755 
29756 
29759 
29760 
29762 
29769 
29789 
29791 
29804 
29819 
29823 
29830 
29835 
29837 
29846 
29850 
29868 
29870 
29875 
29886 
29887 
29894 
29899 
29900 
29901 
29909 
29910 
29921 
29930 
29939 
29942 
29946 
29955 
29962 
29968 
29984 
29985 
29992 
30004 
30006 
30007 
30008 
30009 
30010 
30014 
30016 
30024 
30029 
30030 
30032 
30055 
30059 
30067 
30068 
30075 
30076 
30091 
30094 
30098 
30112 
30121 
30128 
30137 
30138 
30143 
30145 
30146 
30152 
30170 
30175 
30188 
30198 
30199 
30205 
30209 
30218 
30219 
30220 
30222 
30223 
30233 
30255 
30257 
30259 
30260 
30261 
30265 
30277 
30280 
30281 
30282 
30284 
30293 
30298 
30310 
30311 
30312 
30328 
30331 
30354 
30369 
30384 
30385 
30390 
30397 
30398 
30401 
30421 
30428 
30435 
30443 
30449 
30452 
30462 
30463 
30466 
30477 
30490 
30495 
30501 
30515 
30535 
30536 
30538 
30539 
30540 
30546 
30547 
30554 
30558 
30559 
30560 
30571 
30576 
30579 
30580 
30581 
30582 
30584 
30608 
30612 
30614 
30618 
30622 
30637 
30644 
30649 
30651 
30655 
30662 
30664 
30671 
30674 
30692 
30697 
30701 
30710 
30714 
30718 
30725 
30736 
30747 
30778 
30789 
30806 
30807 
30821 
30822 
30838 
30843 
30847 
30861 
30863 
30865 
30870 
30874 
30877 
30884 
30899 
30923 
30925 
30927 
30939 
30945 
30950 
30962 
30964 
30971 
30986 
30990 
30998 
30999 
31004 
31005 
31006 
31010 
31037 
31056 
31059 
31061 
31062 
31080 
31086 
31091 
31094 
31108 
31109 
31122 
31124 
31137 
31142 
31143 
31147 
31156 
31160 
31161 
31168 
31170 
31172 
31177 
31178 
31189 
31203 
31205 
31207 
31214 
31223 
31224 
31227 
31230 
31234 
31236 
31242 
31249 
31251 
31252 
31255 
31265 
31266 
31292 
31294 
31295 
31301 
31317 
31331 
31348 
31368 
31381 
31386 
31392 
31402 
31405 
31418 
31419 
31421 
31424 
31442 
31448 
31453 
31457 
31460 
31466 
31467 
31477 
31483 
31488 
31494 
31500 
31507 
31519 
31521 
31542 
31553 
31554 
31560 
31564 
31578 
31585 
31587 
31602 
31607 
31614 
31616 
31617 
31624 
31628 
31629 
31631 
31634 
31647 
31648 
31656 
31657 
31660 
31673 
31674 
31683 
31689 
31692 
31707 
31714 
31717 
31720 
31743 
31751 
31752 
31761 
31764 
31774 
31775 
31778 
31796 
31802 
31803 
31805 
31819 
31823 
31843 
31845 
31846 
31849 
31881 
31882 
31887 
31914 
31954 
31958 
31966 
31994 
32014 
32018 
32046 
32058 
32074 
32078 
32086 
32098 
32102 
32106 
32192 
32193 
32219 
32247 
32267 
32271 
32273 
32280 
32285 
32303 
32316 
32321 
32322 
32332 
32334 
32349 
32352 
32356 
32365 
32366 
32371 
32372 
32382 
32383 
32413 
32451 
32453 
32456 
32459 
32469 
32502 
32524 
32525 
32526 
32528 
32530 
32541 
32545 
32546 
32547 
32557 
32558 
32564 
32571 
32574 
32580 
32592 
32600 
32608 
32610 
32615 
32625 
32638 
32639 
32640 
32641 
32654 
32670 
32672 
32674 
32675 
32677 
32682 
32688 
32698 
32731 
32741 
32748 
32749 
32750 
32751 
32763 
32767 
32771 
32792 
32799 
32800 
32804 
32809 
32843 
32846 
32851 
32852 
32855 
32858 
32860 
32861 
32879 
32884 
32886 
32894 
32901 
32908 
32912 
32919 
32926 
32930 
32935 
32936 
32938 
32941 
32961 
32980 
32984 
33037 
33047 
33048 
33051 
33064 
33066 
33067 
33068 
33110 
33114 
33133 
33150 
33152 
33159 
33161 
33175 
33186 
33187 
33195 
33223 
33227 
33232 
33233 
33242 
33243 
33254 
33275 
33279 
33280 
33301 
33316 
33321 
33326 
33337 
33420 
33421 
33423 
33424 
33425 
33429 
33433 
33435 
33439 
33443 
33444 
33445 
33446 
33447 
33449 
33459 
33466 
33467 
33476 
33477 
33484 
33487 
33528 
33531 
33532 
33533 
33542 
33550 
33557 
33573 
33582 
33588 
33596 
33598 
33600 
33601 
33603 
33610 
33611 
33614 
33616 
33624 
33635 
33637 
33638 
33643 
33647 
33652 
33660 
33665 
33668 
33684 
33693 
33694 
33696 
33697 
33698 
33700 
33704 
33718 
33720 
33723 
33724 
33725 
33729 
33733 
33734 
33743 
33744 
33749 
33750 
33751 
33759 
33764 
33766 
33767 
33779 
33781 
33801 
33808 
33809 
33810 
33816 
33824 
33825 
33850 
33852 
33859 
33861 
33882 
33911 
33913 
33948 
33951 
33955 
33962 
33971 
33979 
33997 
33998 
33999 
34002 
34010 
34016 
34029 
34034 
34039 
34048 
34051 
34053 
34054 
34055 
34057 
34066 
34067 
34068 
34074 
34076 
34078 
34084 
34101 
34102 
34107 
34118 
34132 
34133 
34135 
34140 
34146 
34159 
34160 
34161 
34183 
34184 
34186 
34193 
34198 
34212 
34214 
34236 
34241 
34242 
34243 
34259 
34270 
34284 
34287 
34296 
34298 
34300 
34309 
34326 
34327 
34328 
34330 
34336 
34337 
34342 
34353 
34361 
34376 
34378 
34379 
34396 
34410 
34411 
34412 
34413 
34414 
34415 
34418 
34437 
34439 
34441 
34442 
34443 
34446 
34447 
34467 
34473 
34496 
34504 
34525 
34543 
34544 
34562 
34571 
34578 
34584 
34588 
34593 
34600 
34603 
34613 
34617 
34619 
34621 
34636 
34640 
34682 
34698 
34709 
34749 
34750 
34761 
34765 
34834 
34835 
34850 
34854 
34863 
34873 
34882 
34887 
34916 
34919 
34929 
34941 
34942 
34945 
34953 
34954 
34955 
34956 
34965 
35004 
35005 
35006 
35007 
35009 
35013 
35029 
35030 
35035 
35038 
35048 
35053 
35054 
35055 
35056 
35059 
35062 
35065 
35077 
35088 
35099 
35100 
35101 
35104 
35119 
35120 
35132 
35133 
35138 
35151 
35158 
35161 
35165 
35168 
35169 
35182 
35207 
35210 
35211 
35222 
35223 
35245 
35254 
35277 
35279 
35280 
35287 
35288 
35312 
35313 
35320 
35321 
35322 
35323 
35327 
35354 
35373 
35374 
35375 
35376 
35377 
35378 
35391 
35394 
35395 
35396 
35404 
35419 
35422 
35423 
35430 
35447 
35451 
35455 
35458 
35471 
35476 
35477 
35481 
35490 
35497 
35530 
35543 
35544 
35552 
35602 
35604 
35611 
35612 
35614 
35617 
35620 
35627 
35630 
35632 
35639 
35640 
35641 
35642 
35649 
35653 
35666 
35674 
35684 
35708 
35712 
35731 
35733 
35743 
35747 
35748 
35762 
35779 
35780 
35793 
35794 
35796 
35808 
35832 
35833 
35836 
35837 
35850 
35852 
35858 
35867 
35868 
35874 
35881 
35890 
35909 
35922 
35957 
35967 
35982 
35995 
36003 
36014 
36025 
36037 
36048 
36049 
36050 
36051 
36053 
36061 
36083 
36084 
36107 
36132 
36133 
36140 
36153 
36175 
36180 
36190 
36191 
36193 
36203 
36204 
36211 
36234 
36236 
36260 
36263 
36273 
36278 
36288 
36293 
36299 
36309 
36329 
36330 
36333 
36349 
36394 
36395 
36399 
36404 
36419 
36471 
36474 
36477 
36482 
36494 
36512 
36525 
36536 
36550 
36559 
36565 
36569 
36570 
36598 
36609 
36613 
36616 
36619 
36633 
36635 
36636 
36641 
36660 
36692 
36701 
36711 
36717 
36718 
36720 
36722 
36726 
36728 
36735 
36737 
36754 
36757 
36773 
36777 
36788 
36798 
36799 
36818 
36826 
36828 
36847 
36853 
36857 
36885 
36896 
36897 
36898 
36902 
36910 
36945 
36949 
36950 
36964 
36967 
36973 
36975 
36985 
36989 
36995 
37013 
37019 
37023 
37032 
37054 
37061 
37076 
37080 
37090 
37101 
37106 
37130 
37134 
37148 
37150 
37157 
37164 
37180 
37182 
37186 
37187 
37188 
37197 
37213 
37214 
37224 
37230 
37231 
37233 
37254 
37284 
37290 
37292 
37293 
37297 
37305 
37309 
37318 
37338 
37354 
37356 
37357 
37382 
37388 
37393 
37394 
37396 
37404 
37406 
37407 
37413 
37414 
37420 
37425 
37426 
37429 
37449 
37453 
37460 
37472 
37480 
37489 
37502 
37510 
37519 
37527 
37559 
37560 
37562 
37576 
37587 
37593 
37605 
37623 
37630 
37640 
37646 
37658 
37672 
37676 
37677 
37678 
37680 
37685 
37711 
37713 
37723 
37740 
37750 
37751 
37752 
37757 
37763 
37775 
37776 
37777 
37784 
37787 
37790 
37811 
37814 
37824 
37826 
37840 
37851 
37861 
37872 
37895 
37896 
38001 
38019 
38038 
38050 
38053 
38065 
38077 
38079 
38081 
38092 
38100 
38125 
38139 
38160 
38174 
38180 
38188 
38198 
38207 
38209 
38212 
38238 
38265 
38282 
38285 
38329 
38343 
38357 
38368 
38374 
38398 
38403 
38407 
38412 
38418 
38419 
38422 
38447 
38461 
38462 
38463 
38465 
38488 
38491 
38493 
38498 
38507 
38514 
38527 
38531 
38538 
38545 
38558 
38560 
38576 
38594 
38596 
38598 
38632 
38634 
38635 
38645 
38646 
38647 
38664 
38673 
38676 
38681 
38688 
38704 
38707 
38708 
38717 
38736 
38739 
38744 
38747 
38748 
38753 
38757 
38768 
38770 
38771 
38779 
38821 
38822 
38824 
38827 
38832 
38834 
38845 
38853 
38856 
38862 
38870 
38876 
38915 
38916 
38924 
38927 
38929 
38931 
38936 
38946 
38949 
38953 
38954 
38961 
38969 
38971 
38978 
38979 
39009 
39012 
39025 
39041 
39048 
39053 
39054 
39056 
39059 
39061 
39065 
39067 
39068 
39069 
39070 
39077 
39078 
39088 
39092 
39098 
39102 
39104 
39105 
39111 
39114 
39122 
39124 
39136 
39156 
39157 
39158 
39171 
39182 
39199 
39201 
39202 
39215 
39225 
39231 
39248 
39265 
39273 
39276 
39286 
39293 
39295 
39301 
39309 
39310 
39311 
39316 
39317 
39318 
39319 
39321 
39323 
39337 
39338 
39352 
39354 
39357 
39365 
39377 
39378 
39386 
39418 
39427 
39435 
39453 
39457 
39476 
39481 
39482 
39483 
39487 
39502 
39503 
39505 
39524 
39526 
39527 
39535 
39540 
39542 
39544 
39546 
39547 
39550 
39554 
39555 
39556 
39561 
39563 
39570 
39595 
39596 
39630 
39636 
39648 
39680 
39684 
39685 
39687 
39703 
39712 
39726 
39734 
39749 
39751 
39756 
39786 
39787 
39791 
39800 
39805 
39810 
39811 
39818 
39819 
39820 
39822 
39823 
39830 
39861 
39882 
39895 
39909 
39910 
39914 
39931 
39935 
39942 
40116 
40460 
60800 
60801 
60802 
60814 
60835 
60844 
60846 
60875 
60887 
60894 
60900 
60902 
60911 
60914 
60915 
60918 
60920 
60923 
60931 
60942 
60950 
60979 
60983 
60992 
61004 
61028 
61034 
61064 
61067 
61069 
61077 
61081 
61095 
61121 
61129 
61140 
61151 
61153 
61155 
61163 
61167 
61179 
61181 
61188 
61192 
61214 
61226 
61229 
61253 
61257 
61276 
61285 
61302 
61321 
61325 
61335 
61338 
61350 
61352 
61355 
61356 
61364 
61376 
61377 
61380 
61381 
61388 
61392 
61396 
61397 
61398 
61399 
61403 
61404 
61406 
61407 
61408 
61409 
61418 
61420 
61425 
61427 
61433 
61439 
61440 
61441 
61448 
61452 
61483 
61487 
61489 
61490 
61494 
61496 
61498 
61513 
61519 
61523 
61534 
61536 
61544 
61546 
61548 
61552 
61557 
61558 
61560 
61562 
61567 
61570 
61572 
61574 
61576 
61581 
61584 
61585 
61586 
61587 
61589 
61591 
61596 
61600 
61608 
61616 
61633 
61635 
61640 
61645 
61646 
61655 
61656 
61662 
61664 
61673 
61676 
61679 
61685 
61691 
61693 
61696 
61703 
61706 
61711 
61712 
61718 
61726 
61732 
61735 
61737 
61739 
61743 
61745 
61753 
61759 
61763 
61766 
61781 
61811 
61814 
61832 
61836 
61839 
61859 
61870 
61871 
61899 
61900 
61902 
61903 
61925 
61941 
61955 
61971 
61976 
61988 
61996 
62016 
62055 
62057 
62070 
62072 
62088 
62093 
62107 
62168 
62169 
62170 
62200 
62201 
62213 
62217 
62221 
62225 
62236 
62237 
62257 
62263 
62266 
62268 
62285 
62288 
62290 
62302 
62311 
62313 
62317 
62330 
62335 
62337 
62344 
62359 
62374 
62378 
62391 
62395 
62396 
62399 
62403 
62410 
62465 
62472 
62475 
62491 
62494 
62498 
62501 
62510 
62516 
62525 
62541 
62545 
62549 
62553 
62556 
62557 
62582 
62590 
62592 
62597 
62599 
62602 
62612 
62618 
62626 
62631 
62632 
62634 
62640 
62642 
62649 
62654 
62655 
62666 
62667 
62676 
62686 
62689 
62700 
62709 
62712 
62723 
62728 
62730 
62732 
62733 
62745 
62748 
62766 
62768 
62823 
62824 
62836 
62844 
62865 
62870 
62874 
62897 
62898 
62902 
62911 
62919 
62921 
62922 
62923 
62948 
62954 
62956 
62960 
62965 
62967 
62970 
62976 
62977 
62979 
62984 
62990 
62997 
63000 
63005 
63018 
63023 
63029 
63030 
63053 
63054 
63055 
63057 
63058 
63064 
63070 
63075 
63080 
63081 
63083 
63084 
63085 
63099 
63120 
63123 
63128 
63135 
63138 
63139 
63154 
63169 
63172 
63178 
63180 
63185 
63186 
63195 
63232 
63240 
63244 
63252 
63265 
63281 
63285 
63288 
63290 
63291 
63338 
63339 
63374 
63385 
63405 
63415 
63417 
63418 
63422 
63424 
63447 
63448 
63454 
63456 
63462 
63468 
63476 
63477 
63483 
63493 
63495 
63501 
63507 
63520 
63525 
63527 
63531 
63538 
63541 
63543 
63546 
63562 
63590 
63593 
63595 
63600 
63604 
63605 
63606 
63607 
63621 
63635 
63639 
63640 
63643 
63644 
63645 
63650 
63651 
63657 
63661 
63667 
63669 
63671 
63673 
63676 
63700 
63707 
63708 
63716 
63724 
63725 
63726 
63739 
63755 
63758 
63759 
63763 
63781 
63783 
63789 
63800 
63803 
63812 
63830 
63847 
63857 
63863 
63866 
63870 
63874 
63875 
63876 
63892 
63895 
63896 
63898 
63901 
63904 
63907 
63917 
63919 
63922 
63927 
63930 
63938 
63951 
63952 
63959 
63971 
63975 
63976 
63986 
63987 
63996 
64021 
64024 
64028 
64030 
64036 
64048 
64054 
64055 
64057 
64061 
64063 
64072 
64088 
64089 
64091 
64102 
64103 
64107 
64110 
64111 
64130 
64135 
64152 
64156 
64159 
64160 
64162 
64163 
64165 
64166 
64175 
64180 
64181 
64196 
64197 
64216 
64218 
64223 
64254 
64278 
64282 
64283 
64302 
64303 
64304 
64306 
64314 
64319 
64323 
64325 
64327 
64334 
64336 
64340 
64341 
64344 
64346 
64351 
64355 
64356 
64360 
64363 
64375 
64381 
64383 
64386 
64389 
64392 
64397 
64402 
64404 
64408 
64410 
64418 
64420 
64423 
64433 
64451 
64480 
64485 
64486 
64497 
64515 
64535 
64536 
64542 
64547 
64549 
64550 
64552 
64568 
64577 
64582 
64590 
64592 
64595 
64601 
64606 
64620 
64621 
64625 
64626 
64630 
64636 
64637 
64645 
64653 
64655 
64661 
64663 
64668 
64673 
64690 
64699 
64708 
64717 
64719 
64741 
64745 
64747 
64766 
64767 
64768 
64775 
64779 
64790 
64791 
64794 
64803 
64820 
64821 
64835 
64839 
64848 
64850 
64851 
64853 
64857 
64865 
64879 
64891 
64894 
64896 
64901 
64902 
64907 
64910 
64915 
64925 
64929 
64934 
64955 
64979 
64991 
64994 
64997 
65006 
65009 
65011 
65016 
65018 
65021 
65026 
65034 
65036 
65042 
65045 
65048 
65072 
65084 
65088 
65105 
65106 
65108 
65128 
65130 
65146 
65148 
65151 
65156 
65170 
65173 
65176 
65180 
65189 
65217 
65218 
65220 
65226 
65228 
65236 
65241 
65242 
65244 
65247 
65248 
65251 
65261 
65270 
65275 
65280 
65286 
65290 
65292 
65324 
65343 
65344 
65345 
65350 
65368 
65374 
65376 
65378 
65380 
65393 
65399 
65406 
65413 
65417 
65421 
65423 
65424 
65430 
65439 
65441 
65448 
65450 
65459 
65460 
65469 
65474 
65484 
65489 
65491 
65500 
65501 
65521 
65532 
65540 
65544 
65548 
65550 
65552 
65554 
65556 
65569 
65587 
65589 
65590 
65605 
65607 
65609 
65611 
65613 
65614 
65615 
65621 
65630 
65632 
65637 
65640 
65643 
65655 
65662 
65669 
65670 
65671 
65675 
65679 
65681 
65686 
65689 
65697 
65702 
65706 
65710 
65711 
65718 
65729 
65732 
65737 
65739 
65744 
65753 
65757 
65759 
65765 
65771 
65772 
65796 
65803 
65810 
65812 
65829 
65831 
65842 
65850 
65867 
65872 
65881 
65886 
65893 
65896 
65899 
65904 
65905 
65908 
65911 
65921 
65930 
65937 
65944 
65950 
65955 
65967 
65973 
65986 
65996 
65998 
66001 
66004 
66016 
66023 
66029 
66032 
66059 
66060 
66061 
66062 
66065 
66073 
66085 
66105 
66146 
66185 
66198 
66228 
66235 
66239 
66261 
66268 
66275 
66277 
66281 
66285 
66290 
66318 
66319 
66325 
66326 
66354 
66355 
66360 
66366 
66368 
66371 
66374 
66376 
66379 
66386 
66393 
66405 
66425 
66431 
66438 
66446 
66447 
66448 
66450 
66452 
66455 
66468 
66507 
66515 
66519 
66526 
66530 
66571 
66586 
66588 
66599 
66602 
66610 
66617 
66630 
66654 
66660 
66665 
66673 
66683 
66686 
66688 
66690 
66696 
66697 
66708 
66723 
66728 
66731 
66871 
66927 
66929 
100001 
100004 
100010 
100012 
100013 
100021 
100022 
100025 
100031 
100035 
100037 
100041 
100042 
100045 
100054 
100057 
100076 
100080 
100083 
100088 
100091 
100095 
100102 
100103 
100107 
100122 
100131 
100132 
100135 
100147 
100149 
100153 
100158 
100165 
100166 
100171 
100174 
100190 
100192 
100223 
100235 
100240 
100243 
100245 
100247 
100250 
100251 
100253 
100258 
100259 
100262 
100276 
100277 
100280 
100288 
100290 
100292 
100297 
100301 
100336 
100338 
100346 
100362 
100363 
100368 
100369 
100373 
100376 
100385 
100390 
100401 
100418 
100424 
100431 
100432 
100434 
100435 
100438 
100441 
100442 
100449 
100461 
100465 
100470 
100472 
100477 
100479 
100486 
100490 
100498 
100499 
100506 
100508 
100516 
100522 
100526 
100536 
100545 
100547 
100548 
100555 
100557 
100562 
100565 
100572 
100575 
100581 
100587 
100590 
100609 
100613 
100619 
100635 
100639 
100640 
100643 
100644 
100648 
100650 
100658 
100659 
100665 
100667 
100668 
100670 
100671 
100676 
100686 
100688 
100689 
100692 
100694 
100696 
100707 
100712 
100713 
100718 
100720 
100721 
100724 
100728 
100729 
100730 
100736 
100737 
100743 
100744 
100746 
100751 
100760 
100764 
100767 
100769 
100771 
100773 
100774 
100778 
100781 
100783 
100794 
100800 
100801 
100816 
100835 
100839 
100846 
100848 
100862 
100864 
100873 
100894 
100908 
100909 
100913 
100916 
100918 
100919 
100921 
100922 
100951 
100953 
100956 
100957 
100968 
100980 
101004 
101008 
101017 
101020 
101023 
101024 
101034 
101042 
101048 
101051 
101052 
101056 
101059 
101069 
101076 
101082 
101083 
101088 
101095 
101097 
101101 
101120 
101127 
101130 
101131 
101134 
101138 
101143 
101155 
101156 
101173 
101178 
101180 
101182 
101188 
101193 
101202 
101204 
101206 
101207 
101222 
101228 
101232 
101241 
101247 
101248 
101249 
101256 
101261 
101264 
101276 
101277 
101280 
101286 
101292 
101299 
101302 
101304 
101305 
101310 
101317 
101320 
101327 
101335 
101336 
101340 
101343 
101347 
101350 
101352 
101353 
101360 
101361 
101363 
101392 
101394 
101396 
101404 
101406 
101434 
101449 
101467 
101474 
101475 
101493 
101513 
101529 
101538 
101539 
101553 
101556 
101557 
101568 
101585 
101597 
101599 
101601 
101603 
101605 
101613 
101652 
101689 
101709 
101714 
101718 
101719 
101732 
101736 
101737 
101739 
101742 
101750 
101759 
101768 
101771 
101779 
101780 
101783 
101811 
101824 
101828 
101836 
101838 
101839 
101846 
101851 
101853 
101861 
101866 
101870 
101875 
101877 
101891 
101893 
101895 
101904 
101928 
101932 
101933 
101936 
101940 
101942 
101944 
101951 
101971 
101973 
101981 
101985 
102009 
102019 
102025 
102035 
102039 
102045 
102049 
102071 
102078 
102089 
102138 
102142 
102145 
102146 
102156 
102162 
102171 
102172 
102175 
102218 
102219 
102221 
102234 
102236 
102247 
102250 
102252 
102257 
102259 
102260 
102265 
102267 
102268 
102270 
102276 
102277 
102296 
102299 
102307 
102317 
102341 
102345 
102365 
102373 
102401 
102422 
102429 
102430 
102441 
102450 
102454 
102461 
102466 
102472 
102476 
102477 
102493 
102496 
102497 
102502 
102517 
102523 
102543 
102550 
102553 
102562 
102566 
102569 
102570 
102574 
102576 
102583 
102592 
102596 
102603 
102617 
102623 
102625 
102629 
102638 
102653 
102694 
102696 
102703 
102704 
102712 
102717 
102722 
102730 
102743 
102765 
102797 
102798 
102813 
102835 
102849 
102858 
102862 
102902 
102903 
102904 
102915 
102938 
102947 
102950 
102962 
102968 
102980 
102983 
103003 
103026 
103051 
103084 
103090 
103103 
103124 
103133 
103172 
103176 
103182 
103186 
103193 
103205 
103212 
103252 
103260 
103264 
103269 
103279 
103292 
103302 
103305 
103335 
103342 
103372 
103384 
103409 
103413 
103487 
103599 
103895 
103936 
103960 
104092 
104125 
104129 
104357 
104364 
104432 
104544 
104558 
104566 
104582 
104598 
104602 
104604 
104606 
104607 
104627 
104640 
104643 
104652 
104683 
104718 
104761 
104779 
104795 
104796 
104831 
104833 
104850 
104862 
104864 
104881 
104891 
104898 
104904 
104907 
104913 
104923 
104947 
104956 
104958 
104961 
104967 
104970 
104981 
104997 
105036 
105089 
105104 
105116 
105117 
105198 
105222 
105239 
105301 
105365 
105382 
105394 
105483 
105517 
105576 
105579 
105590 
105595 
105597 
105632 
105649 
105661 
105670 
105728 
105755 
105811 
105861 
105932 
105936 
105950 
105982 
106003 
106027 
106086 
106112 
106126 
106141 
106156 
106169 
106179 
106210 
106228 
106261 
106277 
106304 
106464 
106501 
106524 
106528 
106545 
106660 
106676 
106709 
106747 
106755 
106808 
106815 
106845 
106900 
106965 
106966 
106990 
107001 
107033 
107037 
107038 
107046 
107098 
107107 
107114 
107154 
107213 
107225 
107245 
107258 
107260 
107287 
107325 
107332 
107384 
107435 
107446 
107505 
107559 
107590 
107636 
107710 
107712 
107755 
107781 
107820 
107843 
107917 
107944 
108071 
108082 
108098 
108178 
108188 
108218 
108250 
108297 
108306 
108326 
108332 
108348 
108373 
108391 
108425 
108449 
108482 
108564 
108645 
108648 
108678 
108693 
108740 
108744 
108768 
108804 
108831 
108891 
108893 
109043 
109079 
109084 
109179 
109183 
109186 
109299 
109338 
109425 
109523 
109580 
109584 
109600 
109683 
109826 
109919 
109926 
110039 
110065 
110179 
110326 
110382 
110387 
110529 
110533 
110566 
110620 
110685 
110721 
110728 
110732 
110760 
110766 
110769 
110804 
110979 
111000 
111064 
111103 
111205 
111320 
111407 
111486 
111489 
111490 
111491 
111492 
111534 
111535 
111579 
111629 
111662 
111721 
111723 
111779 
111839 
111864 
111868 
111873 
111880 
111941 
111961 
111965 
111974 
111976 
112030 
112033 
112034 
112095 
112111 
112116 
112158 
112168 
112296 
112301 
112401 
112408 
112410 
112473 
112533 
112552 
112592 
112618 
112623 
112624 
112752 
112754 
112759 
112774 
112819 
112820 
112874 
112876 
112881 
112968 
113096 
113140 
113225 
113269 
113270 
113301 
113361 
113362 
113363 
113371 
113372 
113373 
113419 
113421 
113425 
113439 
113459 
113490 
113491 
113498 
113530 
113533 
113609 
113646 
113768 
114203 
114242 
114370 
114415 
114421 
114423 
114484 
114524 
114608 
114628 
114698 
114747 
114748 
114920 
114927 
114956 
115044 
115077 
115090 
115231 
115245 
115404 
115406 
115566 
115628 
115757 
115766 
115876 
116004 
116025 
116029 
116064 
116166 
116209 
116224 
116387 
116395 
116414 
116503 
116504 
116526 
116610 
116772 
116787 
116829 
116895 
116906 
116961 
117027 
117035 
117036 
117115 
117141 
117142 
117145 
117161 
117260 
117768 
117829 
117844 
117861 
117862 
117902 
117903 
118003 
118042 
118081 
118084 
118121 
118122 
118126 
118141 
118182 
118183 
118223 
118227 
118228 
118267 
118321 
118441 
118445 
118484 
118502 
118503 
118528 
118634 
118738 
118793 
118795 
118837 
119034 
119093 
119173 
119216 
119217 
119273 
119275 
119297 
119314 
119316 
119394 
119417 
119474 
119493 
119513 
119574 
119714 
119736 
119756 
119913 
119957 
120048 
120051 
120093 
120134 
120297 
120301 
120334 
120358 
120359 
120444 
120458 
120513 
120557 
120595 
120634 
120654 
120656 
120774 
120794 
120816 
120822 
120824 
120835 
120860 
120877 
121053 
121074 
121077 
121080 
121096 
121142 
121143 
121153 
121197 
121198 
121257 
121273 
121381 
121382 
121440 
121493 
121656 
121662 
121673 
121713 
121717 
121718 
121754 
121759 
121773 
121793 
121815 
121816 
121817 
121819 
121833 
121844 
121933 
121934 
122017 
122061 
122062 
122078 
122094 
122096 
122099 
122101 
122137 
122143 
122154 
122159 
122172 
122194 
122202 
122211 
122212 
122234 
122257 
122263 
122265 
122266 
122316 
122317 
122337 
122357 
122358 
122360 
122380 
122394 
122436 
122438 
122447 
122514 
122515 
122519 
122536 
122537 
122655 
122674 
122741 
122775 
122777 
122778 
122841 
122874 
122900 
122902 
122915 
122916 
122921 
123016 
123017 
123056 
123097 
123415 
123455 
123456 
123807 
123821 
123937 
123998 
124036 
124038 
124042 
124046 
124049 
124050 
124196 
124198 
124254 
124315 
124320 
124321 
124355 
124358 
124359 
124374 
124394 
124434 
124435 
124595 
124599 
124617 
124638 
124678 
124680 
124775 
124934 
125000 
125014 
125054 
125074 
125114 
125176 
125237 
125238 
125239 
125240 
125274 
125275 
125276 
125315 
125360 
125378 
125434 
125474 
125533 
125583 
125595 
125600 
125601 
125604 
125794 
125860 
125863 
125975 
126010 
126020 
126046 
126056 
126122 
126136 
126296 
126318 
126322 
126417 
126423 
126424 
126434 
126474 
126496 
126554 
126555 
126596 
126597 
126600 
126601 
126615 
126634 
126714 
126718 
126721 
126722 
126734 
126772 
126775 
127094 
127114 
127174 
127177 
127179 
127282 
127314 
127316 
127377 
127436 
127439 
127455 
127464 
127475 
127480 
127481 
127484 
127614 
127644 
127958 
128078 
128121 
128300 
128541 
128618 
128663 
128759 
128763 
128764 
128765 
128783 
128978 
129120 
129441 
129466 
129467 
129472 
129823 
129840 
129850 
129851 
130040 
130041 
130048 
130049 
130200 
130305 
130398 
130399 
130421 
130498 
130525 
130618 
130638 
130762 
130764 
130766 
132361 
132482 
132499 
132502 
132518 
132525 
132526 
132538 
132539 
132558 
132599 
132602 
132644 
132718 
132740 
132758 
132802 
132980 
132986 
133044 
133104 
133166 
133246 
133288 
133289 
133304 
133327 
133328 
133346 
133364 
133366 
133367 
133424 
133425 
133432 
133444 
133468 
133504 
133525 
133547 
133564 
133724 
133726 
133731 
133732 
133766 
133767 
133768 
133769 
133825 
133844 
133866 
133868 
133869 
133870 
133871 
133885 
133888 
133905 
133944 
133945 
133949 
133964 
133985 
133987 
134025 
134026 
134044 
134104 
134144 
134164 
134267 
134308 
134384 
134685 
134870 
134932 
135004 
135044 
135124 
135165 
135484 
135527 
135708 
135709 
135788 
135805 
135844 
135865 
135945 
135965 
135966 
135986 
135990 
136186 
136264 
136265 
136266 
136267 
136307 
136646 
136648 
136684 
136705 
136725 
136804 
136807 
136828 
136884 
137024 
137066 
137090 
137110 
137130 
137131 
137137 
137232 
137250 
137252 
137292 
137310 
137351 
137373 
137377 
137432 
137433 
137434 
137435 
137573 
137576 
137600 
137602 
137609 
137611 
137612 
137641 
137642 
137667 
137704 
137721 
137802 
137803 
137840 
137874 
137943 
137944 
138000 
138122 
138126 
138129 
138201 
138205 
138210 
138321 
138341 
138346 
138347 
138402 
138466 
138467 
138483 
138501 
138521 
138601 
138607 
138608 
138609 
138611 
138613 
138641 
138662 
138705 
138707 
138741 
138743 
138744 
138781 
138843 
138861 
138922 
138943 
138961 
138981 
139025 
139221 
139225 
139526 
139662 
139665 
139746 
139804 
139922 
139985 
140023 
140024 
140030 
140042 
140044 
140045 
140049 
140050 
140071 
140073 
140081 
140372 
140443 
140445 
140529 
140541 
140568 
140569 
140621 
140633 
140672 
140674 
140676 
140679 
140717 
140722 
140756 
140759 
140760 
140797 
140821 
140897 
140901 
140902 
140904 
140905 
140908 
140910 
140937 
140977 
140982 
140988 
141001 
141005 
141007 
141037 
141044 
141076 
141099 
141158 
141178 
141197 
141198 
141236 
141239 
141256 
141277 
141306 
141338 
141339 
141359 
141363 
141376 
141384 
141389 
141400 
141441 
141459 
141460 
141469 
141496 
141498 
141638 
141663 
141672 
141720 
141846 
141847 
141859 
141881 
141913 
141934 
141982 
141983 
142025 
142088 
142106 
142230 
142248 
142260 
142337 
142339 
142380 
142382 
142390 
142391 
142419 
142460 
142462 
142484 
142540 
142546 
142568 
142753 
142792 
142811 
142812 
142814 
142932 
142945 
142953 
142956 
143073 
143112 
143217 
143282 
143297 
143356 
143357 
143402 
143403 
143421 
143527 
143605 
143609 
143668 
143689 
143710 
143754 
143770 
143870 
143892 
143910 
143912 
143974 
143979 
144009 
144010 
144030 
144066 
144076 
144097 
144115 
144135 
144139 
144183 
144382 
144396 
144435 
144436 
144437 
144475 
144496 
144520 
144535 
144544 
144559 
144640 
144727 
144809 
144821 
144988 
144989 
144998 
145003 
145024 
145041 
145042 
145043 
145046 
145049 
145080 
145108 
145109 
145160 
145171 
145186 
145227 
145308 
145367 
145416 
145512 
145552 
145577 
145701 
145809 
145812 
145854 
145916 
145956 
145977 
145979 
146017 
146071 
146111 
146114 
146117 
146137 
146139 
146140 
146153 
146156 
146171 
146172 
146202 
146313 
146432 
146500 
146543 
146616 
146617 
146648 
146669 
146670 
146735 
146802 
146867 
147101 
147175 
147183 
147200 
147201 
147202 
147204 
147242 
147245 
147263 
147303 
147305 
147307 
147310 
147329 
147340 
147344 
147349 
147372 
147391 
147398 
147432 
147451 
147452 
147453 
147504 
147579 
147638 
147639 
147657 
147658 
147660 
147661 
147708 
147750 
147811 
147817 
147849 
147868 
147885 
147898 
147988 
148009 
148130 
148169 
148217 
148219 
148221 
148223 
148224 
148234 
148239 
148249 
148257 
148281 
148313 
148349 
148350 
148356 
148390 
148391 
148396 
148410 
148414 
148455 
148470 
148476 
148531 
148532 
148533 
148650 
148652 
148770 
148772 
148851 
148870 
148930 
148932 
148937 
148950 
149065 
149070 
149082 
149089 
149177 
149268 
149297 
149318 
149337 
149360 
149417 
149477 
149557 
149618 
149620 
149662 
149683 
149700 
149721 
149738 
149762 
149782 
149907 
149939 
150024 
150044 
150139 
150180 
150183 
150201 
150221 
150257 
150258 
150277 
150278 
150279 
150284 
150306 
150477 
150481 
150562 
150681 
150699 
150761 
150764 
150837 
150937 
151016 
151040 
151078 
151118 
151161 
151222 
151257 
151365 
151403 
151423 
151443 
151589 
151630 
151632 
151708 
151829 
151832 
151928 
151930 
151932 
151933 
152011 
152034 
152070 
152109 
152149 
152170 
152189 
152249 
152649 
152692 
152790 
152809 
152828 
152848 
152973 
152990 
153028 
153128 
153130 
153311 
153576 
153668 
153728 
153793 
153813 
153893 
153957 
154039 
154056 
154058 
154093 
154114 
154135 
154255 
154293 
154357 
154362 
154433 
154439 
154653 
154739 
154756 
154758 
154773 
154941 
155099 
155133 
155174 
155222 
155234 
155280 
155313 
155314 
155325 
155387 
155393 
155394 
155458 
155519 
155616 
155701 
155735 
155736 
155738 
155754 
155758 
155794 
155795 
155894 
155933 
155934 
156095 
156133 
156153 
156155 
156156 
156157 
156176 
156178 
156214 
156293 
156383 
156556 
156578 
156613 
156614 
156615 
156617 
156618 
156633 
156637 
156657 
156676 
156859 
156861 
156933 
156953 
157021 
157055 
157057 
157058 
157080 
157117 
157118 
157153 
157202 
157217 
157218 
157235 
157293 
157353 
157354 
157355 
157373 
157413 
157414 
157415 
157452 
157476 
157494 
157593 
157621 
157634 
157655 
157676 
157679 
157735 
157755 
157757 
157758 
157803 
157805 
157855 
157859 
157862 
157865 
157875 
157895 
157921 
157954 
157955 
157959 
158053 
158055 
158117 
158133 
158314 
158354 
158473 
158563 
158587 
158733 
158737 
158741 
158742 
158743 
158746 
158765 
158779 
158791 
159125 
160163 
160173 
160181 
160183 
160191 
160202 
160203 
160206 
160207 
160211 
160213 
160214 
160216 
160225 
160228 
160231 
160232 
160233 
160237 
160254 
160255 
160272 
160281 
160282 
160293 
160312 
160313 
160317 
160329 
160332 
160336 
160338 
160340 
160341 
160364 
160375 
160376 
160378 
160381 
160414 
160415 
160416 
160417 
160424 
160449 
160453 
160474 
160479 
160488 
160498 
160503 
160504 
160505 
160534 
160541 
160549 
160555 
160570 
160571 
160580 
160582 
160592 
160597 
160598 
160600 
160621 
160628 
160629 
160631 
160633 
160644 
160646 
160658 
160661 
160668 
160670 
160681 
160684 
160706 
160709 
160719 
160726 
160739 
160742 
160767 
160768 
160770 
160776 
160778 
160779 
160780 
160785 
160790 
160797 
160798 
160809 
160814 
160837 
160838 
160855 
160856 
160864 
160888 
160889 
160890 
160891 
160892 
160893 
160902 
160912 
160913 
160933 
160938 
160961 
160987 
160988 
160989 
160990 
160991 
161000 
161013 
161036 
161037 
161040 
161048 
161055 
161056 
161064 
161065 
161067 
161071 
161072 
161073 
161086 
161088 
161120 
161797 
161801 
161806 
161813 
161814 
161816 
161840 
161843 
161844 
161852 
161857 
161869 
161897 
161903 
161909 
161925 
161926 
161942 
161952 
161953 
161961 
161965 
161966 
161989 
161992 
161994 
161997 
162028 
162048 
162076 
162085 
162094 
162122 
162127 
162129 
162146 
162160 
162175 
162198 
162219 
162221 
162233 
162240 
162254 
162264 
162272 
162283 
162293 
162335 
162336 
162338 
162346 
162354 
162355 
162356 
162378 
162385 
162386 
162387 
162400 
162401 
162403 
162404 
162408 
162437 
162448 
162449 
162453 
162459 
162491 
162501 
162506 
162517 
162557 
162559 
162560 
162561 
162699 
162701 
162720 
162733 
162742 
162757 
162768 
162809 
162833 
162857 
162870 
162875 
162876 
162887 
162891 
162892 
162894 
162897 
162903 
162906 
162907 
162909 
162913 
162914 
162919 
162925 
162934 
162941 
162943 
162957 
162988 
163022 
163023 
163036 
163041 
163042 
163049 
163051 
163058 
163060 
163088 
163102 
163112 
163113 
163118 
163586 
163587 
163594 
163595 
163610 
163626 
163627 
163629 
163630 
163668 
163669 
163677 
163678 
163679 
163685 
163692 
163720 
163721 
163765 
163768 
163769 
163772 
163781 
163840 
163852 
163863 
163867 
163872 
163877 
163878 
163879 
163884 
163887 
163888 
163889 
163891 
163893 
163896 
163906 
163916 
163919 
163920 
163921 
163924 
163927 
163930 
163933 
163935 
163936 
163938 
163939 
163946 
163947 
163948 
163963 
163965 
163968 
163975 
163976 
163977 
163983 
163987 
163988 
164002 
164006 
164046 
164058 
164070 
164075 
164086 
164094 
164099 
164109 
164132 
164135 
164155 
164169 
164182 
164190 
164211 
164255 
164264 
164266 
164270 
164276 
164283 
164290 
164293 
164294 
164296 
164300 
164332 
164340 
164351 
164363 
164364 
164368 
164369 
164391 
164398 
164404 
164408 
164411 
164416 
164422 
164431 
164432 
164433 
164444 
164471 
164494 
164506 
164511 
164532 
164534 
164543 
164555 
164557 
164558 
164563 
164572 
164582 
164585 
164606 
164607 
164609 
164610 
164611 
164612 
164616 
164624 
164633 
164641 
164648 
164652 
164660 
164661 
164663 
164664 
164665 
164668 
164680 
164702 
164703 
164708 
164742 
164746 
164755 
164756 
165051 
165052 
165053 
165060 
165075 
165077 
165121 
165123 
165124 
165147 
165177 
165179 
165209 
165215 
165244 
165256 
165262 
165264 
165296 
165334 
165358 
165394 
165411 
165414 
165458 
165466 
165468 
165501 
165510 
165534 
165535 
165551 
165555 
165556 
165557 
165563 
165575 
165637 
165639 
165640 
165642 
165649 
165651 
165652 
165653 
165656 
165666 
165675 
165678 
165680 
165691 
165699 
165702 
165710 
165712 
165719 
165723 
165728 
165731 
165734 
165742 
165743 
165744 
165746 
165768 
165779 
165785 
165799 
165829 
165833 
165844 
165845 
165846 
165856 
165867 
165878 
165911 
165913 
165914 
165923 
165924 
165927 
165943 
165948 
165968 
165969 
165979 
165981 
165987 
165993 
166005 
166028 
166035 
166061 
166087 
166199 
166200 
166208 
166213 
166222 
166224 
166226 
166229 
166230 
166232 
166264 
166265 
166269 
166272 
166303 
166363 
166366 
166368 
166385 
166402 
166414 
166430 
166434 
166435 
166436 
166437 
166447 
166450 
166451 
166460 
166476 
166477 
166482 
166485 
166520 
166552 
166554 
166555 
166562 
166563 
166564 
166569 
166581 
166582 
166583 
166585 
166593 
166622 
166623 
166639 
166676 
166680 
166684 
166704 
166705 
166706 
166709 
166711 
166723 
166733 
166746 
166789 
166792 
170297 
170307 
170311 
170312 
170335 
170353 
170359 
170375 
170384 
170396 
170418 
170420 
170444 
170458 
170520 
170527 
170535 
170555 
170592 
170614 
170615 
170616 
170617 
170639 
170714 
170725 
170730 
170748 
170750 
170758 
170759 
170761 
170765 
170773 
170775 
170781 
170791 
170841 
170843 
170868 
170875 
170904 
170920 
170945 
170961 
170965 
170969 
170975 
170994 
171002 
171007 
171022 
171023 
171049 
171059 
171067 
171078 
171097 
171103 
171109 
171139 
171141 
171155 
171187 
174022 
174025 
174049 
174050 
174053 
174066 
174077 
174108 
174114 
174118 
174119 
174121 
174130 
174133 
174134 
174135 
174136 
174147 
174152 
174159 
174160 
174169 
174185 
174222 
174236 
174302 
174310 
174312 
174313 
174314 
174315 
174317 
174360 
174361 
174370 
174389 
174390 
174393 
174428 
174449 
174454 
174471 
174490 
174531 
174541 
174551 
174567 
174637 
174647 
174648 
174656 
174663 
174693 
174700 
174729 
174737 
174743 
174744 
174838 
174870 
174871 
174876 
175004 
175007 
175008 
175013 
175055 
175060 
175064 
175078 
175079 
175084 
175087 
175092 
175098 
175110 
175111 
175131 
175150 
175157 
175163 
175188 
175236 
175263 
175264 
175269 
175271 
175299 
175307 
175308 
175319 
175321 
175322 
175361 
175366 
175376 
175379 
175404 
175407 
175424 
175442 
175457 
175465 
175483 
175487 
175490 
175503 
175509 
175510 
175518 
175523 
175533 
175545 
175560 
175575 
175606 
175612 
175616 
175644 
175646 
175649 
175654 
175657 
175674 
175686 
175688 
175689 
175741 
175742 
175834 
175835 
175886 
175900 
175903 
175904 
175908 
175913 
175948 
175949 
175953 
175955 
175966 
175978 
175982 
175983 
175995 
176021 
176022 
176035 
176068 
176070 
176083 
176092 
176096 
176103 
176138 
176144 
176152 
176169 
176198 
176199 
176234 
176235 
176237 
176238 
176239 
176247 
176248 
176249 
176251 
176253 
176255 
176256 
176259 
176260 
176261 
176268 
176275 
176279 
176282 
176289 
176305 
176325 
176343 
176346 
176353 
176362 
176363 
176375 
176378 
176404 
176523 
176537 
176556 
176558 
176565 
176567 
176572 
176591 
176592 
176593 
176594 
176595 
176598 
176636 
176637 
176639 
176652 
176657 
176658 
176659 
176660 
176661 
176670 
176701 
176725 
176729 
176760 
176766 
176768 
176781 
176782 
176833 
176840 
176861 
176862 
176863 
176867 
176872 
176873 
176874 
176899 
176900 
176928 
176939 
176954 
176963 
176973 
176992 
176999 
177009 
177012 
177030 
177031 
177058 
177067 
177088 
177091 
177099 
177108 
177109 
177110 
177111 
177124 
177127 
177129 
177161 
177179 
177182 
177198 
177206 
177216 
177222 
177224 
177225 
177227 
177228 
177236 
177255 
177256 
177257 
177264 
177267 
177284 
177285 
177286 
177287 
177303 
177313 
177315 
177340 
177341 
177367 
177376 
177429 
177458 
177465 
177472 
177486 
177487 
177507 
177528 
177538 
177545 
177565 
177576 
177602 
177606 
177629 
177633 
177637 
177640 
177650 
177659 
177674 
177697 
177701 
177733 
177739 
177744 
177745 
177764 
177779 
177780 
177781 
177782 
177795 
177797 
177812 
177870 
177871 
177872 
177880 
177881 
177882 
177883 
177884 
177895 
177896 
177921 
177924 
177925 
177930 
177943 
177944 
177945 
177949 
177953 
177966 
177975 
177981 
177982 
177983 
177996 
178003 
178011 
178012 
178015 
178027 
178063 
178073 
178081 
178082 
178083 
178089 
178093 
178097 
178098 
178102 
178106 
178113 
178148 
178153 
178157 
178201 
178244 
178293 
178310 
178327 
178348 
178371 
178377 
178384 
178403 
178405 
178453 
178461 
178493 
178494 
178507 
178519 
178525 
178529 
178538 
178539 
178540 
178543 
178548 
178549 
178552 
178568 
178589 
178608 
178609 
178610 
178619 
178633 
178644 
178645 
178672 
178673 
178676 
178683 
178684 
178698 
178703 
178704 
178706 
178719 
178726 
178738 
178741 
178750 
178752 
178765 
178767 
178774 
178779 
178795 
178796 
178797 
178798 
178799 
178800 
178803 
178805 
178806 
178811 
178814 
178823 
178838 
178839 
178846 
178847 
178848 
178850 
178851 
178862 
178863 
178865 
178866 
178868 
178870 
178877 
178892 
178896 
178906 
178907 
178921 
178939 
178943 
178951 
178972 
178973 
178974 
178975 
178976 
178978 
178988 
178995 
178997 
179022 
179026 
179027 
179028 
179029 
179048 
179058 
179060 
179077 
179079 
179081 
179082 
179084 
179094 
179107 
179110 
179119 
179132 
179144 
179163 
179164 
179186 
179187 
179202 
179216 
179249 
179258 
179259 
179288 
179299 
179300 
179303 
179361 
179363 
179378 
179379 
179380 
179413 
179417 
179428 
179433 
179437 
179438 
179441 
179454 
179459 
179461 
179507 
179534 
179577 
179583 
179586 
179597 
179598 
179621 
179657 
179662 
179666 
179671 
179686 
179690 
179731 
179738 
179739 
179741 
179782 
179783 
179798 
179817 
179818 
179819 
179831 
179834 
179840 
179841 
179843 
179846 
179889 
179925 
179929 
179957 
179974 
180016 
180029 
180030 
180057 
180081 
180083 
180112 
180145 
180146 
180150 
180167 
180181 
180193 
180228 
180229 
180249 
180250 
180256 
180270 
180272 
180279 
180330 
180345 
180363 
180387 
180395 
180402 
180405 
180413 
180423 
180466 
180474 
180475 
180483 
180506 
180562 
180584 
180585 
180597 
180635 
180636 
180646 
180652 
180658 
180659 
180683 
180711 
180759 
180821 
180822 
180833 
180905 
180923 
180937 
181070 
181077 
181104 
181105 
181256 
181269 
181290 
181745 
181904 
181931 
181989 
182012 
182015 
182023 
182112 
182116 
182307 
182308 
182309 
182331 
182387 
182554 
182685 
182700 
182701 
182788 
182826 
182898 
183029 
183066 
183101 
183108 
183139 
183187 
183228 
183230 
183257 
183265 
183283 
183312 
183322 
183324 
183337 
183363 
183366 
183368 
183377 
183380 
183388 
183446 
183480 
183527 
183528 
183553 
183554 
183555 
183565 
183570 
183581 
183590 
183593 
183603 
183606 
183612 
183636 
183640 
183666 
183667 
183669 
183683 
183684 
183700 
183703 
183704 
183706 
183729 
183731 
183735 
183736 
183739 
183780 
183791 
183797 
183799 
183822 
183823 
183826 
183830 
183855 
183860 
183877 
183879 
183889 
183896 
183902 
183903 
183904 
183920 
183921 
183942 
183945 
183963 
183964 
183974 
184006 
184009 
184035 
184040 
184046 
184049 
184057 
184068 
184069 
184070 
184077 
184079 
184086 
184091 
184101 
184109 
184113 
184116 
184133 
184149 
184155 
184157 
184162 
184167 
184170 
184182 
184208 
184219 
184241 
184254 
184256 
184258 
184259 
184262 
184263 
184287 
184323 
184352 
184378 
184392 
184413 
184442 
184449 
184453 
184465 
184470 
184487 
184498 
184500 
184514 
184526 
184542 
184543 
184548 
184551 
184552 
184569 
184571 
184576 
184582 
184585 
184592 
184602 
184603 
184604 
184639 
184651 
184652 
184660 
184672 
184673 
184676 
184688 
184689 
184700 
184702 
184712 
184715 
184717 
184725 
184735 
184742 
184744 
184748 
184767 
184785 
184797 
184807 
184862 
184868 
184880 
184885 
184899 
184905 
184921 
184957 
184961 
184970 
184981 
184996 
185003 
185018 
185030 
185051 
185054 
185083 
185087 
185112 
185119 
185121 
185125 
185128 
185138 
185164 
185166 
185177 
185180 
185190 
185191 
185193 
185194 
185195 
185227 
185229 
185230 
185269 
185276 
185277 
185289 
185291 
185307 
185309 
185319 
185323 
185334 
185337 
185339 
185344 
185345 
185346 
185353 
185355 
185363 
185370 
185372 
185375 
185380 
185396 
185413 
185416 
185419 
185427 
185428 
185453 
185483 
185489 
185517 
185518 
185524 
185525 
185532 
185542 
185549 
185550 
185584 
185585 
185587 
185603 
185618 
185619 
185624 
185645 
185646 
185654 
185658 
185659 
185661 
185685 
185703 
185711 
185732 
185733 
185769 
185770 
185783 
185784 
185797 
185814 
185821 
185824 
185827 
185836 
185837 
185854 
185857 
185868 
185880 
185881 
185894 
185908 
185912 
185921 
185926 
185928 
185929 
185943 
185944 
185952 
185953 
185956 
185960 
185970 
185980 
186041 
186045 
186061 
186087 
186102 
186106 
186129 
186130 
186139 
186158 
186159 
186169 
186197 
186206 
186230 
186236 
186275 
186276 
186278 
186279 
186288 
186289 
186308 
186310 
186336 
186342 
186344 
186345 
186353 
186360 
186363 
186392 
186428 
186437 
186472 
186493 
186501 
186520 
186590 
186591 
186670 
186671 
186675 
186681 
186683 
186714 
186715 
186717 
186718 
186738 
186743 
186748 
186773 
186779 
186783 
186785 
186834 
186836 
186846 
186858 
186874 
186875 
186876 
186893 
186898 
186903 
186904 
186953 
186955 
186956 
186960 
186962 
186974 
186989 
186993 
186994 
186995 
186996 
187039 
187040 
187041 
187073 
187074 
187084 
187105 
187118 
187119 
187122 
187128 
187148 
187163 
187164 
187165 
187167 
187169 
187183 
187215 
187236 
187244 
187252 
187253 
187285 
187319 
187321 
187357 
187363 
187375 
187392 
187406 
187413 
187434 
187450 
187462 
187483 
187490 
187491 
187529 
187548 
187549 
187550 
187551 
187575 
187576 
187607 
187631 
187644 
187653 
187665 
187672 
187677 
187686 
187687 
187690 
187692 
187696 
187697 
187698 
187709 
187711 
187714 
187720 
187721 
187722 
187723 
187737 
187739 
187740 
187749 
187765 
187773 
187774 
187775 
187809 
187810 
187812 
187814 
187833 
187959 
187961 
187969 
188155 
188157 
188255 
188355 
188663 
188855 
188856 
189459 
189462 
189490 
189491 
189516 
189517 
189546 
189567 
189579 
189594 
189757 
190355 
190455 
190572 
190590 
190957 
190959 
190963 
191055 
191255 
191355 
192255 
192458 
192856 
194158 
194255 
194256 
194355 
194456 
194655 
194755 
194956 
196055 
196159 
196160 
196268 
196355 
196855 
196856 
197559 
197956 
198058 
199356 
199456 
200015 
200019 
200025 
200034 
200055 
200075 
200118 
200126 
200128 
200138 
200157 
200167 
200186 
200189 
200218 
200263 
200264 
200283 
200314 
200333 
200334 
200363 
200364 
200365 
200384 
200397 
200448 
200474 
200480 
200512 
200561 
200565 
200568 
200572 
200575 
200576 
200595 
200613 
200647 
200671 
200695 
200705 
200731 
200741 
200752 
200759 
200772 
200773 
200779 
200782 
200827 
200856 
200864 
200865 
200883 
200895 
200908 
200910 
200935 
200976 
200986 
200993 
201012 
201015 
201019 
201044 
201066 
201068 
201095 
201099 
201101 
201102 
201111 
201113 
201122 
201126 
201140 
201178 
201216 
201218 
201238 
201300 
201336 
201341 
201360 
201379 
201395 
201402 
201491 
201535 
201584 
201606 
201614 
201617 
201619 
201650 
201673 
201676 
201697 
201706 
201720 
201727 
201728 
201739 
201758 
201792 
201794 
201802 
201805 
202021 
202033 
202039 
202055 
202056 
202063 
202065 
202086 
202199 
202212 
202305 
202322 
202338 
202362 
202375 
202471 
202546 
202553 
202569 
202578 
202594 
202625 
202642 
202646 
202688 
202696 
202764 
202807 
202814 
202872 
202940 
202952 
202986 
203029 
203030 
203036 
203037 
203053 
203072 
203076 
203116 
203159 
203162 
203201 
203243 
203269 
203285 
203290 
203346 
203401 
203408 
203442 
203480 
203560 
203586 
203590 
203600 
203628 
203646 
203649 
203652 
203666 
203700 
203714 
203756 
203783 
203784 
203889 
203890 
203892 
203894 
203895 
203930 
203931 
203944 
204009 
204029 
204040 
204049 
204192 
204203 
204211 
204222 
204243 
204388 
204409 
204440 
204475 
204483 
204544 
204671 
204719 
204754 
204792 
204796 
204815 
204825 
204840 
204856 
204867 
205005 
205019 
205098 
205120 
205128 
205145 
205148 
205162 
205174 
205194 
205210 
205221 
205280 
205297 
205298 
205355 
205442 
205571 
205654 
205655 
205677 
205679 
205692 
205699 
205775 
205812 
205816 
205865 
205868 
205869 
205874 
205875 
205876 
205896 
205898 
205900 
205906 
205934 
205938 
205942 
205957 
206015 
206025 
206042 
206059 
206167 
206179 
206182 
206197 
206211 
206243 
206260 
206319 
206322 
206324 
206327 
206329 
206346 
206365 
206381 
206399 
206408 
206412 
206413 
206454 
206457 
206465 
206468 
206489 
206515 
206516 
206518 
206619 
206642 
206652 
206691 
206702 
206703 
206759 
206775 
206897 
206905 
206956 
207045 
207053 
207056 
207074 
207096 
207097 
207134 
207161 
207164 
207167 
207168 
207221 
207254 
207257 
207300 
207366 
207375 
207519 
207600 
207807 
207878 
207921 
207938 
208017 
208057 
208068 
208079 
208095 
208115 
208118 
208127 
208164 
208175 
208176 
208224 
208226 
208229 
208237 
208261 
208276 
208304 
208323 
208326 
208331 
208344 
208361 
208395 
208447 
208496 
208554 
208572 
208584 
208623 
208637 
208644 
208682 
208765 
208772 
208773 
208777 
208799 
208821 
208831 
208888 
209001 
209022 
209048 
209120 
209128 
209135 
209148 
209214 
209258 
209265 
209271 
209289 
209341 
209382 
209384 
209386 
209410 
209418 
209423 
209437 
209442 
209477 
209571 
209636 
209828 
209837 
209854 
209869 
209909 
209933 
209953 
209955 
209985 
210000 
210057 
210060 
210073 
210095 
210152 
210172 
210201 
210216 
210223 
210232 
210315 
210334 
210342 
210418 
210437 
210466 
210479 
210526 
210533 
210576 
210582 
210593 
210614 
210618 
210628 
210638 
210652 
210701 
210759 
210805 
210807 
210823 
210835 
210865 
210869 
210884 
210916 
210953 
211009 
211013 
211015 
211025 
211033 
211034 
211051 
211098 
211124 
211127 
211132 
211144 
211148 
211156 
211166 
211175 
211275 
211305 
211308 
211322 
211367 
211375 
211378 
211399 
211414 
211415 
211435 
211437 
211443 
211447 
211452 
211453 
211469 
211470 
211479 
211497 
211498 
211503 
211509 
211527 
211545 
211554 
211562 
211566 
211572 
211575 
211594 
211599 
211603 
211622 
211655 
211732 
211777 
211787 
211790 
211795 
211819 
211832 
211853 
211897 
211922 
211934 
211939 
211994 
212059 
212098 
212128 
212133 
212167 
212200 
212266 
212315 
212317 
212340 
212360 
212380 
212381 
212386 
212427 
212437 
212438 
212441 
212481 
212538 
212540 
212542 
212570 
212572 
212577 
212585 
212590 
212596 
212628 
212635 
212641 
212650 
212651 
212658 
212712 
212715 
212716 
212717 
212748 
212753 
212773 
212777 
212782 
212786 
212787 
212844 
212856 
212922 
212948 
212950 
212955 
212970 
213029 
213034 
213035 
213039 
213042 
213044 
213054 
213057 
213058 
213067 
213083 
213092 
213098 
213127 
213144 
213186 
213193 
213194 
213198 
213199 
213276 
213288 
213290 
213297 
213323 
213327 
213341 
213344 
213367 
213378 
213380 
213412 
213423 
213424 
213432 
213449 
213467 
213480 
213491 
213492 
213500 
213502 
213506 
213532 
213541 
213641 
214050 
214059 
214509 
214522 
214523 
214526 
214659 
214700 
214759 
214779 
214881 
214882 
215060 
215100 
215179 
215359 
215361 
215390 
215406 
215422 
215465 
215620 
215667 
215939 
216019 
216028 
216038 
216098 
216320 
216524 
216587 
216599 
216602 
216603 
216608 
216609 
216613 
216614 
216616 
216622 
216627 
216629 
216644 
216667 
216669 
216861 
216900 
217164 
217200 
217500 
217719 
217863 
217872 
217999 
218000 
218003 
218399 
218980 
219801 
220094 
220127 
220161 
220211 
220243 
220244 
220295 
220301 
220303 
220374 
220376 
220392 
220400 
220411 
220426 
220475 
220478 
220479 
220484 
220487 
220496 
220508 
220509 
220522 
220525 
220546 
220553 
220562 
220575 
220579 
220586 
220601 
220604 
220621 
220697 
220833 
220840 
220867 
220920 
220926 
220942 
220997 
221020 
221021 
221056 
221102 
221127 
221128 
221138 
221170 
221237 
221244 
221261 
221269 
221378 
221471 
221484 
221486 
221497 
221499 
221545 
221612 
221616 
221618 
221636 
221682 
221744 
221751 
221806 
221821 
221845 
221858 
221859 
221877 
221884 
222004 
222070 
222111 
222136 
222139 
222169 
222186 
222199 
222202 
222237 
222247 
222256 
222281 
222284 
222286 
222301 
222302 
222303 
222305 
222306 
222307 
222309 
222317 
222340 
222349 
222353 
222357 
222362 
222363 
222364 
222374 
222379 
222394 
222395 
222398 
222504 
222505 
222519 
222601 
222638 
222644 
222646 
222648 
222761 
222902 
223003 
223007 
223036 
223039 
223040 
223053 
223054 
223060 
223062 
223068 
223081 
223082 
223083 
223084 
223085 
223089 
223091 
223096 
223097 
223098 
223104 
223107 
223119 
223142 
223148 
223150 
223152 
223175 
223381 
223489 
223492 
223500 
223502 
223520 
223528 
223548 
223560 
223565 
223732 
223911 
224159 
224176 
224179 
224251 
224776 
224886 
224977 
225081 
225084 
225086 
225091 
225094 
225136 
225236 
225244 
225247 
225258 
225296 
225597 
226082 
226136 
226156 
226176 
226177 
226180 
226216 
226256 
226659 
226676 
226740 
226744 
226803 
226827 
226834 
226839 
226899 
226916 
227396 
227479 
227537 
227616 
227857 
227916 
228096 
228136 
228218 
228416 
228418 
228476 
228576 
228598 
228621 
228623 
228624 
228630 
228856 
228880 
228898 
228918 
229037 
229039 
229197 
229336 
229356 
229518 
229856 
229876 
230401 
230538 
230556 
230616 
230636 
230638 
230796 
230896 
231016 
231019 
231020 
231036 
231037 
231081 
231256 
231297 
231360 
231362 
231397 
231809 
231878 
231897 
232041 
232070 
232085 
232106 
232112 
232135 
232256 
232317 
232336 
232622 
232623 
232624 
232630 
232646 
232743 
232898 
233023 
233025 
233026 
233038 
233044 
233062 
233149 
233198 
233216 
233246 
233250 
233252 
233257 
233320 
233341 
233396 
233397 
233458 
233491 
234079 
234085 
234087 
234104 
234117 
234163 
234178 
234181 
234200 
234223 
234224 
234225 
234232 
234250 
234342 
234356 
234376 
234778 
234876 
235119 
235177 
235179 
235320 
235426 
235498 
235636 
235656 
235719 
235798 
235800 
235818 
235820 
235826 
235830 
236138 
236259 
236260 
236297 
237105 
237158 
237265 
237269 
237419 
237656 
237820 
237823 
237826 
237910 
237915 
237983 
238157 
238162 
238167 
238178 
238244 
238442 
238455 
238456 
238462 
238477 
238516 
238523 
238616 
239116 
239156 
239258 
239279 
239280 
239281 
239316 
239356 
239416 
239498 
239580 
239603 
239620 
239717 
239764 
239856 
239859 
240228 
240244 
240319 
240457 
240636 
240637 
240640 
240641 
240656 
240736 
240936 
240937 
240944 
240948 
240956 
241061 
241159 
241161 
241216 
241320 
241336 
241366 
241368 
241380 
241385 
241386 
241388 
241392 
241393 
241401 
241404 
241405 
241406 
241412 
241419 
241456 
241537 
241543 
241560 
241561 
241562 
241576 
241616 
241637 
241769 
241801 
241828 
241832 
241878 
241904 
242089 
242143 
242144 
242145 
242158 
242204 
242208 
242218 
242285 
242296 
242316 
242333 
242338 
242362 
242369 
242375 
242376 
242536 
242580 
242582 
242607 
242650 
242672 
242679 
242710 
242714 
242719 
242722 
242795 
242839 
242894 
242977 
242980 
243011 
243033 
243087 
243090 
243128 
243129 
243143 
243145 
243158 
243174 
243241 
243247 
243260 
243318 
243333 
243336 
243390 
243515 
243535 
243563 
243583 
243588 
243773 
243774 
243994 
244216 
244317 
244341 
244351 
244356 
244393 
244394 
244397 
244398 
244417 
244418 
244641 
244748 
244797 
244844 
244857 
245036 
245197 
245200 
245202 
245207 
245222 
245274 
245285 
245301 
245376 
245397 
245436 
245499 
245627 
245628 
245663 
245670 
245672 
245722 
245736 
245819 
245839 
245918 
246008 
246017 
246021 
246025 
246027 
246036 
246136 
246147 
246216 
246217 
246320 
246498 
246518 
246706 
246741 
246759 
246778 
246780 
247143 
247202 
247265 
247323 
247371 
247493 
247496 
247552 
247558 
247560 
247618 
247685 
247698 
247757 
247784 
247836 
247881 
247885 
248015 
248136 
248178 
248384 
248419 
248420 
248438 
248441 
248793 
248814 
248831 
248838 
249085 
249100 
249122 
249124 
249138 
249158 
249178 
249298 
249399 
249448 
249457 
249479 
249507 
249509 
249510 
249604 
249638 
249738 
249873 
249874 
249947 
250016 
250062 
250358 
250447 
250464 
250468 
250479 
250579 
250580 
250684 
250739 
250778 
250818 
250927 
250951 
251118 
251201 
251221 
251246 
251259 
251303 
251581 
251584 
251719 
251720 
251742 
251864 
251865 
251871 
251921 
251924 
251929 
251937 
251978 
251999 
252018 
252098 
252119 
252260 
252268 
252278 
252285 
252290 
252295 
252378 
252384 
252417 
252465 
252524 
252569 
252604 
252614 
252658 
252666 
252679 
252819 
252938 
252940 
253322 
253350 
253355 
253358 
253365 
253367 
253392 
253394 
253404 
253454 
253468 
253527 
253542 
253587 
253596 
253601 
253616 
254023 
254033 
254096 
254219 
254244 
254318 
254338 
254380 
254399 
254418 
254519 
254578 
254623 
254639 
254641 
254642 
254665 
254778 
254898 
254918 
254939 
255118 
255244 
255701 
255702 
255754 
255820 
255951 
255984 
255993 
256078 
256127 
256135 
256278 
256406 
256538 
256720 
256941 
256945 
257018 
257156 
257195 
257231 
257253 
257267 
257282 
257398 
257411 
257421 
257664 
257718 
257746 
257750 
257759 
257860 
257902 
257955 
258080 
258176 
258400 
258518 
258559 
258657 
258664 
258674 
258676 
258683 
258730 
258738 
258785 
258858 
258869 
258898 
259076 
259159 
259191 
259262 
259267 
259287 
259288 
259382 
259425 
259426 
259431 
259440 
259503 
259518 
259560 
259564 
259625 
259698 
259881 
260126 
260321 
260322 
260324 
260378 
260392 
260396 
260397 
260399 
260403 
260404 
260408 
260419 
260498 
260564 
260651 
260654 
260658 
260729 
260737 
260751 
260759 
260774 
260775 
260778 
260779 
260838 
260840 
260892 
260893 
263277 
264030 
264031 
264059 
264193 
264265 
264270 
264351 
264385 
264386 
264387 
264388 
264390 
264391 
264393 
264395 
264397 
264398 
264409 
264414 
264416 
264485 
264506 
264507 
264509 
264510 
264586 
264629 
264694 
264708 
264709 
265008 
266163 
266196 
266214 
266257 
266299 
266302 
266305 
266315 
266319 
266320 
267035 
267054 
267059 
267231 
267371 
267407 
267434 
267461 
267462 
268159 
268208 
268219 
268319 
268324 
268325 
268421 
268563 
268567 
268629 
268671 
268692 
268720 
268759 
268830 
268844 
268956 
269005 
269021 
269022 
269104 
269269 
269313 
269320 
269422 
269433 
269436 
269532 
269546 
269556 
269744 
269809 
269835 
269922 
270034 
270043 
270045 
270046 
270053 
270074 
270088 
270151 
270159 
270173 
270178 
270179 
270225 
270226 
270232 
270243 
270247 
270249 
270266 
270267 
270268 
270270 
270274 
270281 
270321 
270334 
270404 
270405 
270407 
270418 
270420 
270438 
270451 
270502 
270506 
270509 
270534 
270567 
270577 
270578 
270579 
270580 
270615 
270622 
270640 
270655 
270687 
270705 
270709 
270790 
270791 
270829 
270845 
270850 
270861 
270885 
270887 
270904 
270910 
270971 
270976 
270979 
271015 
271087 
271111 
271112 
271114 
271117 
271133 
271141 
271182 
271196 
271198 
271208 
271210 
271217 
271218 
271222 
271239 
271244 
271247 
271269 
271300 
271324 
271326 
271334 
271338 
271342 
271354 
271357 
271384 
271411 
271424 
271425 
271438 
271462 
271467 
271473 
271496 
271499 
271525 
271534 
271540 
271553 
271555 
271607 
271717 
271731 
271743 
271745 
271759 
271763 
271764 
271783 
271794 
271810 
271813 
271838 
271841 
271885 
271987 
272060 
272236 
272247 
272354 
272365 
272546 
272587 
272602 
272606 
272627 
272660 
272663 
272670 
272687 
272691 
272699 
272705 
272706 
272717 
272720 
272731 
272738 
272746 
272748 
272760 
272775 
272788 
272808 
272817 
272820 
272835 
272838 
272839 
272847 
272872 
272894 
272948 
272960 
272961 
272984 
273005 
273011 
273052 
273071 
273092 
273099 
273130 
273131 
273150 
273153 
273164 
273166 
273168 
273183 
273195 
273216 
273222 
273227 
273240 
273304 
273358 
273384 
273407 
273432 
273459 
273462 
273468 
273470 
273498 
273499 
273501 
273612 
273626 
273633 
273708 
273716 
273720 
273726 
273763 
273767 
273813 
273826 
273902 
273950 
273961 
273964 
274004 
274065 
274083 
274143 
274152 
274164 
274165 
274181 
274186 
274195 
274196 
274199 
274229 
274245 
274262 
274271 
274282 
274295 
274305 
274337 
274342 
274364 
274373 
274379 
274381 
274382 
274383 
274411 
274425 
274457 
274484 
274487 
274493 
274505 
274512 
274519 
274522 
274536 
274578 
274592 
274612 
274647 
274689 
274722 
274729 
274745 
274753 
274754 
274764 
274774 
274775 
274805 
274806 
274820 
274833 
274842 
274856 
274864 
274887 
274890 
274899 
274904 
274909 
274916 
274957 
274969 
275009 
275022 
275034 
275066 
275108 
275162 
275186 
275201 
275240 
275242 
275247 
275260 
275274 
275279 
275289 
275313 
275367 
275421 
275430 
275431 
275461 
275523 
275540 
275551 
275696 
275735 
275787 
275802 
275839 
275848 
275863 
275893 
275928 
275932 
276549 
276568 
276581 
276582 
276585 
276613 
276647 
276731 
276928 
276998 
277006 
277012 
277015 
277022 
277025 
277028 
277039 
277043 
277144 
277323 
277346 
277350 
277376 
277426 
277428 
277487 
277561 
277579 
277589 
277769 
277775 
277780 
277789 
277810 
277824 
277846 
277847 
277851 
277881 
277897 
277907 
277941 
277971 
277972 
277982 
278101 
278120 
278123 
278126 
278135 
278136 
278142 
278145 
278151 
278153 
278203 
278205 
278209 
278234 
278245 
278278 
278279 
278283 
278292 
278298 
278299 
278309 
278310 
278335 
278338 
278341 
278356 
278358 
278391 
278400 
278406 
278408 
278410 
278433 
278461 
278519 
278534 
278546 
278556 
278623 
278644 
278658 
278682 
278694 
278710 
278736 
278744 
278774 
278777 
278784 
278785 
278786 
278806 
279123 
279143 
279178 
279187 
279205 
279281 
279315 
279318 
279320 
279321 
279327 
279378 
279379 
279381 
279384 
279409 
279411 
279415 
279430 
279431 
279433 
279445 
279448 
279449 
279466 
279472 
279508 
281420 
281429 
281453 
281469 
281485 
281496 
281500 
281504 
281525 
281544 
281587 
281590 
281601 
281605 
281652 
281657 
281699 
281707 
281712 
281728 
281735 
281747 
281750 
281756 
281771 
281772 
281795 
281809 
282034 
282046 
282069 
282104 
282133 
282177 
282189 
282205 
282215 
282222 
282231 
282315 
282332 
282362 
282363 
282382 
282446 
282449 
282468 
282513 
282553 
282560 
282567 
282580 
282608 
282627 
282628 
282650 
282653 
282657 
282713 
282715 
282732 
282782 
282805 
282835 
282869 
282884 
282905 
282930 
282949 
282950 
282970 
283018 
283184 
283189 
283460 
283463 
283950 
284041 
284153 
284165 
284216 
284221 
284229 
284251 
284277 
284296 
284353 
284377 
284401 
284453 
284458 
284497 
284507 
284521 
284523 
284527 
284533 
284552 
284609 
284619 
284628 
284632 
284636 
284639 
284650 
284669 
284690 
284695 
284699 
284701 
284725 
284745 
284763 
284773 
284778 
284805 
284808 
284844 
284854 
284856 
284882 
284884 
284900 
284944 
285030 
285042 
285050 
285053 
285066 
285081 
285082 
285085 
285094 
285105 
285128 
285166 
285169 
285170 
285181 
285188 
285205 
285210 
285211 
285215 
285221 
285235 
285250 
285262 
285310 
285313 
285317 
285325 
285327 
285333 
285343 
285356 
285365 
285367 
285482 
285493 
285500 
285512 
285513 
285519 
285536 
285555 
285556 
285563 
285572 
285588 
285650 
285715 
285742 
285958 
285964 
285996 
286000 
286009 
286017 
286055 
286082 
286158 
286242 
286281 
286282 
286323 
286329 
286331 
286335 
286346 
286430 
286431 
286433 
286434 
286449 
286463 
286467 
286472 
286496 
286513 
286517 
286528 
286539 
286567 
286629 
286670 
286873 
286879 
286881 
286889 
286900 
286916 
286945 
286961 
286983 
286987 
287059 
287061 
287069 
287075 
287107 
287111 
287117 
287136 
287141 
287161 
287162 
287169 
287183 
287187 
287209 
287211 
287218 
287235 
287252 
287260 
287263 
287271 
287274 
287294 
287375 
287378 
287412 
287454 
287462 
287490 
287496 
287498 
287525 
287562 
287566 
287609 
287618 
287619 
287622 
287637 
287665 
287670 
287673 
287684 
287686 
287696 
287697 
287706 
287738 
287824 
287853 
287857 
287882 
287930 
288059 
288153 
288473 
288562 
288586 
288610 
288667 
288674 
288698 
288736 
288766 
288769 
288786 
288799 
288810 
288811 
288830 
288862 
288902 
288931 
288950 
288968 
288970 
288983 
288991 
289032 
289039 
289049 
289073 
289110 
289189 
289259 
289297 
289333 
289344 
289361 
289369 
289396 
289434 
289472 
289476 
289578 
289682 
289735 
289758 
289800 
289816 
289868 
289969 
289983 
290154 
290328 
290336 
290530 
290542 
290702 
290903 
290956 
290962 
290977 
291185 
291480 
291534 
291718 
291757 
291759 
291854 
292072 
292249 
292266 
292381 
292442 
292484 
292639 
292680 
292733 
292734 
292770 
292780 
292854 
292880 
292896 
292919 
293079 
293130 
293132 
293135 
293143 
293177 
293245 
293250 
293284 
293398 
293399 
293418 
293449 
293527 
293530 
293536 
293545 
293579 
293684 
293692 
293699 
293754 
293771 
293794 
293796 
293849 
293884 
293919 
293921 
293933 
293939 
293954 
293955 
294068 
294151 
294163 
294164 
294183 
294195 
294200 
294219 
294220 
294225 
294236 
294267 
294271 
294277 
294281 
294282 
294284 
294289 
294309 
294314 
294350 
294422 
294452 
294508 
294524 
294528 
294529 
294534 
294564 
294569 
294611 
294721 
294722 
294764 
294788 
294795 
294805 
294807 
294831 
294873 
294925 
295011 
295063 
295079 
295113 
295237 
295259 
295264 
295421 
295441 
295449 
295487 
295526 
295564 
295608 
295610 
295620 
295635 
295638 
295651 
295654 
295655 
295682 
295709 
295723 
295735 
295736 
295744 
295748 
295761 
295778 
295785 
295786 
295796 
295802 
295806 
295815 
295846 
295866 
295904 
295910 
295913 
295917 
295942 
295951 
295966 
295969 
296000 
296091 
296108 
296250 
296254 
296270 
296273 
296280 
296281 
296288 
296289 
296309 
296318 
296426 
296432 
296458 
296513 
296539 
296577 
296608 
296664 
296665 
296677 
296697 
296723 
296738 
296740 
296753 
296755 
296812 
296829 
296885 
296900 
296944 
297003 
297101 
297130 
297185 
297209 
297222 
297223 
297224 
297233 
297256 
297257 
297262 
297264 
297289 
297302 
297352 
297353 
297370 
297479 
297481 
297533 
297554 
297608 
297742 
297864 
297921 
297935 
297957 
298029 
298036 
298083 
298100 
298130 
298139 
298181 
298203 
298207 
298214 
298233 
298235 
298256 
298257 
298266 
298279 
298288 
298317 
298359 
298439 
298463 
298548 
298636 
298645 
298675 
300107 
300487 
300488 
302790 
303689 
304589 
305790 
306300 
306387 
306389 
306398 
308388 
309587 
310395 
310398 
310787 
311298 
311301 
311305 
311319 
311334 
311391 
311449 
311511 
311524 
311537 
311549 
311711 
311793 
311827 
311857 
312008 
312009 
312012 
312066 
312079 
312085 
312098 
312147 
312148 
312221 
312339 
312416 
312463 
312466 
312806 
312871 
312884 
312894 
313020 
313064 
313077 
313302 
313305 
313311 
313352 
313636 
313673 
313685 
313806 
313855 
313972 
314138 
314149 
314308 
314404 
314440 
314448 
314492 
314567 
314572 
314624 
314787 
314866 
314874 
314884 
314896 
314917 
314943 
314963 
314964 
314978 
315047 
315092 
315108 
315118 
315136 
315140 
315178 
315197 
315210 
315226 
315230 
315258 
315318 
315339 
315360 
315365 
315415 
315416 
315423 
315453 
315469 
315480 
315488 
315526 
315527 
315541 
315566 
315577 
315582 
315591 
315617 
315618 
315629 
315646 
315648 
315651 
315680 
315682 
315716 
315793 
315794 
315806 
315816 
315836 
315842 
315882 
315885 
315887 
315948 
316056 
316210 
316233 
316253 
316257 
316264 
316266 
316268 
316269 
316276 
316282 
316324 
316377 
316389 
316405 
316411 
316416 
316424 
316427 
316466 
316509 
316576 
316577 
316581 
316582 
316604 
316613 
316676 
316677 
316694 
316726 
316730 
316731 
316747 
316781 
316808 
316816 
316817 
316821 
316825 
316865 
316866 
316874 
316895 
316899 
316907 
316912 
316920 
317079 
317102 
317166 
317170 
317181 
317201 
317220 
317232 
317237 
317261 
317264 
317272 
317278 
317292 
317305 
317329 
317332 
317335 
317345 
317364 
317389 
317394 
317398 
317407 
317413 
317425 
317427 
317429 
317436 
317440 
317441 
317452 
317454 
317459 
317465 
317471 
317476 
317478 
317527 
317533 
317540 
317541 
317570 
317589 
317594 
317637 
317651 
317742 
317759 
317766 
317781 
317787 
317810 
317820 
317821 
317824 
317828 
317834 
317835 
317836 
317837 
317841 
317852 
317859 
317862 
317866 
317868 
317873 
317876 
317886 
317887 
317891 
317892 
317908 
317911 
317916 
317920 
317925 
317929 
317931 
317943 
317959 
317978 
317996 
318005 
318006 
318012 
318050 
318072 
318076 
318108 
318118 
318162 
318166 
318194 
318203 
318212 
318361 
318405 
318426 
318434 
318452 
318455 
318456 
318466 
318469 
318480 
318491 
318493 
318510 
318525 
318538 
318540 
318563 
318573 
318577 
318603 
318634 
318659 
318666 
318667 
318668 
318669 
318674 
318702 
318714 
318718 
318728 
318790 
318810 
318815 
318822 
318856 
318874 
318878 
318920 
318957 
318970 
318978 
319163 
319179 
319183 
319193 
319195 
319197 
319206 
319219 
319230 
319240 
319272 
319291 
319296 
319302 
319309 
319310 
319313 
319325 
319329 
319332 
319341 
319360 
319417 
319432 
319476 
319477 
319480 
319484 
319496 
319505 
319509 
319521 
319560 
319588 
319612 
319616 
319654 
319657 
319659 
319665 
319687 
319729 
319744 
319746 
319747 
319759 
319800 
319804 
319806 
319835 
319837 
319865 
319866 
319881 
319886 
319894 
319903 
319904 
319912 
319915 
319917 
319928 
319929 
319938 
320008 
320029 
320031 
320078 
320080 
320103 
320124 
320129 
320142 
320224 
320241 
320243 
320250 
320251 
320256 
320365 
320433 
320436 
320448 
320474 
320479 
320481 
320486 
320547 
320604 
320618 
320619 
320622 
320636 
320673 
320694 
320695 
320696 
320700 
320701 
320708 
320723 
320726 
320732 
320735 
320739 
320762 
320764 
320785 
320797 
320807 
320815 
320818 
320830 
320857 
320858 
320926 
320968 
320992 
321002 
321020 
321050 
321052 
321053 
321060 
321103 
321104 
321197 
321217 
321233 
321234 
321235 
321253 
321365 
321396 
321397 
321401 
321402 
321403 
321421 
321427 
321455 
321484 
321501 
321502 
321541 
321546 
321560 
321561 
321575 
321584 
321591 
321601 
321620 
321622 
321632 
321635 
321648 
321653 
321669 
321670 
321681 
321695 
321698 
321703 
321711 
321720 
321731 
321746 
321747 
321757 
321816 
321835 
321860 
321867 
321868 
321870 
321941 
321954 
321980 
322002 
322015 
322054 
322075 
322080 
322103 
322155 
322160 
322187 
322494 
322515 
322524 
322526 
322528 
322559 
322576 
322597 
322644 
322687 
322718 
322728 
322761 
322763 
322779 
322802 
322810 
322811 
322818 
322819 
322825 
322858 
322951 
322985 
322987 
323017 
323027 
323028 
323071 
323139 
323308 
323352 
323355 
323370 
323374 
323433 
323486 
323516 
323554 
323578 
323648 
323661 
323683 
323732 
323735 
323839 
323843 
323849 
323896 
323929 
324065 
324119 
324125 
324134 
324146 
324156 
324197 
324218 
324229 
324259 
324337 
324347 
324427 
324452 
324537 
324648 
324727 
324734 
324769 
324770 
324780 
324785 
324817 
324818 
324851 
324859 
324865 
324870 
324873 
324887 
324893 
324900 
324926 
324931 
324977 
324985 
324988 
325034 
325059 
325129 
325167 
325183 
325195 
325211 
325302 
325382 
325395 
325417 
325430 
325464 
325476 
325486 
325503 
325509 
325544 
325557 
325570 
325571 
325572 
325576 
325582 
325610 
325620 
325635 
325656 
325660 
325678 
325693 
325711 
325734 
325735 
325749 
325752 
325798 
325823 
325844 
325853 
325864 
325867 
325914 
325920 
325925 
325933 
325942 
325944 
325957 
325966 
326013 
326109 
326138 
326143 
326146 
326164 
326172 
326193 
326213 
326273 
326331 
326410 
326470 
326501 
326502 
326641 
326688 
326726 
326765 
326774 
326796 
326822 
326828 
326853 
326859 
326864 
326865 
326875 
326910 
326940 
326956 
327065 
327126 
327134 
327197 
327215 
327239 
327252 
327266 
327345 
327346 
327356 
327358 
327374 
327401 
327414 
327423 
327439 
327451 
327459 
327486 
327492 
327529 
327538 
327547 
327564 
327578 
327599 
327615 
327665 
327689 
327826 
327849 
327958 
328032 
328083 
328098 
328353 
328569 
328745 
328795 
328898 
328904 
328920 
329032 
329141 
329551 
329643 
329693 
329703 
329960 
330494 
330713 
330947 
331191 
331385 
331528 
331609 
331614 
331687 
331718 
331734 
331756 
331777 
331820 
331821 
331829 
331856 
332115 
332179 
332244 
332311 
332378 
332503 
332717 
332739 
332768 
332770 
332786 
332813 
332900 
333070 
333468 
333482 
333645 
333754 
333849 
333866 
333885 
333960 
334028 
334102 
334203 
334204 
334278 
334426 
335463 
335514 
336430 
336539 
336884 
337030 
337712 
337988 
338407 
338516 
338557 
338640 
338892 
339015 
339361 
339470 
339950 
339965 
340051 
340115 
340153 
340265 
340357 
343937 
343976 
344053 
345189 
345256 
345556 
345686 
345920 
345980 
346069 
346361 
346413 
346434 
346546 
346957 
347085 
347266 
347352 
347708 
348671 
348887 
348996 
349055 
349404 
349529 
349929 
350362 
350366 
350620 
351151
